{
    "w": 3072,
    "h": 4096,
    "fl_x": 2935.91912006929,
    "fl_y": 2934.2046291579504,
    "cx": 1531.4946221286289,
    "cy": 2052.3348194623527,
    "k1": 0.0033609713645915956,
    "k2": -0.04818688747798586,
    "p1": -0.0003674724109396201,
    "p2": 0.001143660422795199,
    "camera_model": "OPENCV",
    "frames": [
        {
            "file_path": "images/frame_00059.jpg",
            "transform_matrix": [
                [
                    -0.18664737075427246,
                    0.19488134640578136,
                    -0.9629039514996217,
                    -2.979206352779813
                ],
                [
                    -0.8295922497717835,
                    -0.5562836167512237,
                    0.048220709791206094,
                    3.012838683576676
                ],
                [
                    -0.5262503758755019,
                    0.8078179241371457,
                    0.2655009290636201,
                    -0.6932098531041879
                ],
                [
                    0.0,
                    0.0,
                    0.0,
                    1.0
                ]
            ],
            "colmap_im_id": 59
        },
        {
            "file_path": "images/frame_00058.jpg",
            "transform_matrix": [
                [
                    -0.2230280591672404,
                    -0.1217856221891667,
                    -0.9671746207650885,
                    -3.712819475466474
                ],
                [
                    -0.833269424362008,
                    -0.4910738268739389,
                    0.25398535978042813,
                    4.353060326100344
                ],
                [
                    -0.505885907342261,
                    0.8625629013511897,
                    0.00804300721838787,
                    -1.9480726031989788
                ],
                [
                    0.0,
                    0.0,
                    0.0,
                    1.0
                ]
            ],
            "colmap_im_id": 58
        },
        {
            "file_path": "images/frame_00057.jpg",
            "transform_matrix": [
                [
                    -0.0932481417415755,
                    -0.04600365697638195,
                    -0.9945795330724145,
                    -4.144911676470034
                ],
                [
                    -0.8713153694122623,
                    -0.47960347136968184,
                    0.10387510421714932,
                    3.388402123826088
                ],
                [
                    -0.481782431277559,
                    0.8762785937103279,
                    0.00463843910534052,
                    -1.989211768015094
                ],
                [
                    0.0,
                    0.0,
                    0.0,
                    1.0
                ]
            ],
            "colmap_im_id": 57
        },
        {
            "file_path": "images/frame_00010.jpg",
            "transform_matrix": [
                [
                    0.8821678200617779,
                    -0.25444965270635866,
                    0.3962768116923628,
                    3.8462126516615935
                ],
                [
                    0.3757080937824673,
                    -0.12708843172605197,
                    -0.9179825481934597,
                    -1.8202194708704982
                ],
                [
                    0.2839425391057063,
                    0.9586990689257117,
                    -0.016514530788924443,
                    -2.074940732833457
                ],
                [
                    0.0,
                    0.0,
                    0.0,
                    1.0
                ]
            ],
            "colmap_im_id": 10
        },
        {
            "file_path": "images/frame_00009.jpg",
            "transform_matrix": [
                [
                    0.9276956181165997,
                    -0.23121002663932527,
                    0.29312584960849636,
                    3.3759093523517336
                ],
                [
                    0.2718213845501833,
                    -0.11990527360965389,
                    -0.9548486059380386,
                    -1.9628679956937418
                ],
                [
                    0.25591790681482546,
                    0.9654867419814922,
                    -0.04838776735376175,
                    -2.216900679236837
                ],
                [
                    0.0,
                    0.0,
                    0.0,
                    1.0
                ]
            ],
            "colmap_im_id": 9
        },
        {
            "file_path": "images/frame_00008.jpg",
            "transform_matrix": [
                [
                    0.9681219327961406,
                    -0.2062754858742642,
                    0.14209274142756678,
                    2.4865524554934146
                ],
                [
                    0.13321586362905455,
                    -0.0563763294234587,
                    -0.9894823106848868,
                    -1.8904561180147814
                ],
                [
                    0.21211661159991752,
                    0.9768685343525371,
                    -0.027099994009147824,
                    -2.0364386225125695
                ],
                [
                    0.0,
                    0.0,
                    0.0,
                    1.0
                ]
            ],
            "colmap_im_id": 8
        },
        {
            "file_path": "images/frame_00007.jpg",
            "transform_matrix": [
                [
                    0.992571174016078,
                    -0.10443854633008796,
                    0.062410372157220624,
                    2.051327476875025
                ],
                [
                    0.060380702044848134,
                    -0.022487334085550436,
                    -0.9979220864507892,
                    -2.0618697534580472
                ],
                [
                    0.10562497494871173,
                    0.994277079010767,
                    -0.016014206845832452,
                    -2.0360839925864673
                ],
                [
                    0.0,
                    0.0,
                    0.0,
                    1.0
                ]
            ],
            "colmap_im_id": 7
        },
        {
            "file_path": "images/frame_00006.jpg",
            "transform_matrix": [
                [
                    0.9999943022306963,
                    -0.000367668418836101,
                    -0.0033556409338442285,
                    1.637081433700336
                ],
                [
                    -0.00335432463340665,
                    0.0035240915298966197,
                    -0.9999881645725327,
                    -2.0767756562836093
                ],
                [
                    0.0003794896531155327,
                    0.9999937227797097,
                    0.0035228381712018495,
                    -1.867367432898397
                ],
                [
                    0.0,
                    0.0,
                    0.0,
                    1.0
                ]
            ],
            "colmap_im_id": 6
        },
        {
            "file_path": "images/frame_00005.jpg",
            "transform_matrix": [
                [
                    0.9823908502017903,
                    0.09778463575397636,
                    -0.15920547242562302,
                    0.9069210263568204
                ],
                [
                    -0.1606277577019899,
                    0.006798290711262324,
                    -0.9869916446956561,
                    -1.9528113598306283
                ],
                [
                    -0.09543029338440953,
                    0.9951843790242425,
                    0.022385505370622984,
                    -1.7387878253194289
                ],
                [
                    0.0,
                    0.0,
                    0.0,
                    1.0
                ]
            ],
            "colmap_im_id": 5
        },
        {
            "file_path": "images/frame_00001.jpg",
            "transform_matrix": [
                [
                    0.49871622244481284,
                    0.5468462773821051,
                    -0.6724888685946471,
                    -1.2870986212342586
                ],
                [
                    -0.7906473429898511,
                    -0.030925968761059644,
                    -0.6114902807725385,
                    -0.16962413160714288
                ],
                [
                    -0.3551885534381193,
                    0.8366616600332079,
                    0.4169392739200911,
                    0.05129384837292382
                ],
                [
                    0.0,
                    0.0,
                    0.0,
                    1.0
                ]
            ],
            "colmap_im_id": 1
        },
        {
            "file_path": "images/frame_00060.jpg",
            "transform_matrix": [
                [
                    -0.24996167076680315,
                    0.42327773626530973,
                    -0.8708358749670252,
                    -3.2948688795880248
                ],
                [
                    -0.8546423674729225,
                    -0.5191694840629346,
                    -0.007033529562377954,
                    2.675426749354273
                ],
                [
                    -0.4550885483812433,
                    0.7424951210613719,
                    0.49152355826787353,
                    0.7965892481754778
                ],
                [
                    0.0,
                    0.0,
                    0.0,
                    1.0
                ]
            ],
            "colmap_im_id": 60
        },
        {
            "file_path": "images/frame_00014.jpg",
            "transform_matrix": [
                [
                    0.6832141672824842,
                    -0.5851605205072143,
                    0.4368129655404324,
                    3.568681089969811
                ],
                [
                    0.6315986453685588,
                    0.17333831324648746,
                    -0.7556698884628549,
                    -0.6979347263109228
                ],
                [
                    0.366471762613578,
                    0.7921748509013576,
                    0.48801378341836704,
                    0.162420320599271
                ],
                [
                    0.0,
                    0.0,
                    0.0,
                    1.0
                ]
            ],
            "colmap_im_id": 14
        },
        {
            "file_path": "images/frame_00015.jpg",
            "transform_matrix": [
                [
                    0.7138404525246658,
                    -0.6333121351455602,
                    0.2989106017135432,
                    3.0782986664720053
                ],
                [
                    0.6072784637165693,
                    0.34722041071590737,
                    -0.7145983864299725,
                    -0.49457538824768904
                ],
                [
                    0.34877596798722266,
                    0.6916312065397634,
                    0.6324567955954995,
                    0.8845196885852875
                ],
                [
                    0.0,
                    0.0,
                    0.0,
                    1.0
                ]
            ],
            "colmap_im_id": 15
        },
        {
            "file_path": "images/frame_00016.jpg",
            "transform_matrix": [
                [
                    0.7054291939857008,
                    -0.6740252330632899,
                    0.21922508402703897,
                    2.764576711004042
                ],
                [
                    0.6377367278748896,
                    0.4686283051044333,
                    -0.61129320098818,
                    -0.1018150732885041
                ],
                [
                    0.3092919627020943,
                    0.571031957817532,
                    0.7604347341875979,
                    1.4929383384313542
                ],
                [
                    0.0,
                    0.0,
                    0.0,
                    1.0
                ]
            ],
            "colmap_im_id": 16
        },
        {
            "file_path": "images/frame_00017.jpg",
            "transform_matrix": [
                [
                    0.7107906875328583,
                    -0.6930103702671279,
                    0.12047084800392834,
                    2.204540299658841
                ],
                [
                    0.6361091929758298,
                    0.5601888945798763,
                    -0.5306161484548086,
                    0.32182119309716856
                ],
                [
                    0.30023606233796346,
                    0.4537896308771233,
                    0.8390073168812054,
                    1.9731043627088274
                ],
                [
                    0.0,
                    0.0,
                    0.0,
                    1.0
                ]
            ],
            "colmap_im_id": 17
        },
        {
            "file_path": "images/frame_00018.jpg",
            "transform_matrix": [
                [
                    0.8657045988991525,
                    -0.49241137508463784,
                    -0.08992544207349587,
                    1.2385094659879314
                ],
                [
                    0.365168510069862,
                    0.7441525532620231,
                    -0.5593647617851597,
                    0.0626692108303621
                ],
                [
                    0.34235581884672944,
                    0.4514067070401894,
                    0.824029415822589,
                    1.966062215690619
                ],
                [
                    0.0,
                    0.0,
                    0.0,
                    1.0
                ]
            ],
            "colmap_im_id": 18
        },
        {
            "file_path": "images/frame_00019.jpg",
            "transform_matrix": [
                [
                    0.9693648251600208,
                    -0.07195310889811031,
                    -0.23485013489963966,
                    0.46300476612655567
                ],
                [
                    -0.07725729761518124,
                    0.818288230646676,
                    -0.5695925574920477,
                    -0.05212010015970242
                ],
                [
                    0.23315905667093773,
                    0.570286876672635,
                    0.787660924882839,
                    1.935115081248099
                ],
                [
                    0.0,
                    0.0,
                    0.0,
                    1.0
                ]
            ],
            "colmap_im_id": 19
        },
        {
            "file_path": "images/frame_00004.jpg",
            "transform_matrix": [
                [
                    0.9368297382886268,
                    0.19551829382921013,
                    -0.29003902881539595,
                    0.3171025175836984
                ],
                [
                    -0.2950931451446839,
                    -0.0034234146899649715,
                    -0.9554623571446859,
                    -1.8954525108099196
                ],
                [
                    -0.18780329375887417,
                    0.9806940792163351,
                    0.0544889515713307,
                    -1.670637650902445
                ],
                [
                    0.0,
                    0.0,
                    0.0,
                    1.0
                ]
            ],
            "colmap_im_id": 4
        },
        {
            "file_path": "images/frame_00062.jpg",
            "transform_matrix": [
                [
                    -0.16903349332029835,
                    0.8787615801089689,
                    -0.4463247287125421,
                    -0.7153980367106093
                ],
                [
                    -0.8807838463286405,
                    -0.33790510108250144,
                    -0.33172271358613703,
                    0.8871066303617781
                ],
                [
                    -0.4423205785202201,
                    0.33704336217586645,
                    0.8311162841809353,
                    2.444083917501101
                ],
                [
                    0.0,
                    0.0,
                    0.0,
                    1.0
                ]
            ],
            "colmap_im_id": 62
        },
        {
            "file_path": "images/frame_00003.jpg",
            "transform_matrix": [
                [
                    0.8123547416107176,
                    0.3737562693143992,
                    -0.44764497643865764,
                    -0.31021591016240735
                ],
                [
                    -0.4845841088703617,
                    0.005584172090265594,
                    -0.8747268479087537,
                    -1.1945692285114455
                ],
                [
                    -0.3244349167597433,
                    0.927510144510694,
                    0.18565267737592653,
                    -1.110360160354886
                ],
                [
                    0.0,
                    0.0,
                    0.0,
                    1.0
                ]
            ],
            "colmap_im_id": 3
        },
        {
            "file_path": "images/frame_00023.jpg",
            "transform_matrix": [
                [
                    -0.05262133972217813,
                    0.9132579568086471,
                    -0.40396893312671683,
                    -0.4399770323453305
                ],
                [
                    -0.9348229477931438,
                    -0.18731469329969594,
                    -0.3016939872675252,
                    1.0639828249129513
                ],
                [
                    -0.35119375120463026,
                    0.36176388708622614,
                    0.8635912453904823,
                    2.806523958227541
                ],
                [
                    0.0,
                    0.0,
                    0.0,
                    1.0
                ]
            ],
            "colmap_im_id": 23
        },
        {
            "file_path": "images/frame_00061.jpg",
            "transform_matrix": [
                [
                    -0.24103321311115442,
                    0.6577001769878051,
                    -0.7136760240946324,
                    -2.316251543185833
                ],
                [
                    -0.9017933405757514,
                    -0.42356883423551767,
                    -0.08578003006289266,
                    2.1729664135946085
                ],
                [
                    -0.35870846250198624,
                    0.6229124495902887,
                    0.6952037967926288,
                    2.0803060268980254
                ],
                [
                    0.0,
                    0.0,
                    0.0,
                    1.0
                ]
            ],
            "colmap_im_id": 61
        },
        {
            "file_path": "images/frame_00002.jpg",
            "transform_matrix": [
                [
                    0.7150682524919448,
                    0.44411700605215126,
                    -0.5398494968168347,
                    -0.7145742133365808
                ],
                [
                    -0.6096550654162887,
                    0.018325268335374578,
                    -0.7924549739592132,
                    -0.9310043178567191
                ],
                [
                    -0.34204984357601576,
                    0.8957813737043823,
                    0.2838619999822329,
                    -0.6886114545521258
                ],
                [
                    0.0,
                    0.0,
                    0.0,
                    1.0
                ]
            ],
            "colmap_im_id": 2
        },
        {
            "file_path": "images/frame_00022.jpg",
            "transform_matrix": [
                [
                    0.2535304970355393,
                    0.8847023681363692,
                    -0.3911828305112755,
                    -0.24612282860652465
                ],
                [
                    -0.887075818207314,
                    0.051365133884473155,
                    -0.4587571424761197,
                    0.4933937088704147
                ],
                [
                    -0.38577037188557806,
                    0.46331775579501683,
                    0.7978207050085452,
                    2.048043316860702
                ],
                [
                    0.0,
                    0.0,
                    0.0,
                    1.0
                ]
            ],
            "colmap_im_id": 22
        },
        {
            "file_path": "images/frame_00021.jpg",
            "transform_matrix": [
                [
                    0.6356986173557665,
                    0.6698140816606996,
                    -0.38371390892304236,
                    -0.18122407515415317
                ],
                [
                    -0.7344381406305923,
                    0.37175773338060986,
                    -0.5677999694071759,
                    0.03963394620416568
                ],
                [
                    -0.23767180202759705,
                    0.6427637852903237,
                    0.7282628858044392,
                    1.5589600009588818
                ],
                [
                    0.0,
                    0.0,
                    0.0,
                    1.0
                ]
            ],
            "colmap_im_id": 21
        },
        {
            "file_path": "images/frame_00029.jpg",
            "transform_matrix": [
                [
                    -0.6470421167974901,
                    0.11006010958711072,
                    -0.7544688670633783,
                    -2.8921646221018436
                ],
                [
                    -0.6278666575476711,
                    -0.6383152410136526,
                    0.4453505511724433,
                    5.482322631171285
                ],
                [
                    -0.43257364625013833,
                    0.7618664091344073,
                    0.48211991786536296,
                    0.8399127841727627
                ],
                [
                    0.0,
                    0.0,
                    0.0,
                    1.0
                ]
            ],
            "colmap_im_id": 29
        },
        {
            "file_path": "images/frame_00028.jpg",
            "transform_matrix": [
                [
                    -0.890559971471222,
                    0.187438335049253,
                    -0.41445121277074304,
                    -0.5453647352134741
                ],
                [
                    -0.4342559386183832,
                    -0.6215087095452059,
                    0.6520342811034705,
                    6.478533595904466
                ],
                [
                    -0.13536881837351894,
                    0.7606535311910523,
                    0.634886988761575,
                    1.6417451772718272
                ],
                [
                    0.0,
                    0.0,
                    0.0,
                    1.0
                ]
            ],
            "colmap_im_id": 28
        },
        {
            "file_path": "images/frame_00027.jpg",
            "transform_matrix": [
                [
                    -0.7533350694626759,
                    0.22429399661384128,
                    -0.6182058526095133,
                    -1.6367159708981474
                ],
                [
                    -0.5845395091318485,
                    -0.6591025868877727,
                    0.47317791814680404,
                    5.4191175892237675
                ],
                [
                    -0.3013301103135276,
                    0.7178272654621278,
                    0.627633795758005,
                    1.4808228876800158
                ],
                [
                    0.0,
                    0.0,
                    0.0,
                    1.0
                ]
            ],
            "colmap_im_id": 27
        },
        {
            "file_path": "images/frame_00026.jpg",
            "transform_matrix": [
                [
                    -0.673583233344389,
                    0.5053586650468035,
                    -0.5393498376929688,
                    -1.2586439926607222
                ],
                [
                    -0.6456907193838284,
                    -0.7574549655055981,
                    0.0966719718041768,
                    3.411853682597649
                ],
                [
                    -0.3596791940867769,
                    0.4133698040411587,
                    0.8365143647589447,
                    2.7990912703417044
                ],
                [
                    0.0,
                    0.0,
                    0.0,
                    1.0
                ]
            ],
            "colmap_im_id": 26
        },
        {
            "file_path": "images/frame_00025.jpg",
            "transform_matrix": [
                [
                    -0.4803898484014252,
                    0.8117343560074303,
                    -0.3321339019583194,
                    0.05759874838453418
                ],
                [
                    -0.8552774531169444,
                    -0.5174367271235877,
                    -0.02756286656759511,
                    2.7728203828290576
                ],
                [
                    -0.19423200493906487,
                    0.2708257164687884,
                    0.9428294435137877,
                    2.9604760933341643
                ],
                [
                    0.0,
                    0.0,
                    0.0,
                    1.0
                ]
            ],
            "colmap_im_id": 25
        },
        {
            "file_path": "images/frame_00024.jpg",
            "transform_matrix": [
                [
                    -0.33696200070349475,
                    0.8832220812756726,
                    -0.3261523650519302,
                    -0.0787423944864788
                ],
                [
                    -0.9001561801750682,
                    -0.4037594882660083,
                    -0.1633925546890114,
                    1.8356226014120418
                ],
                [
                    -0.2759990242274935,
                    0.23853098495214534,
                    0.9310894198965162,
                    3.3539592776787535
                ],
                [
                    0.0,
                    0.0,
                    0.0,
                    1.0
                ]
            ],
            "colmap_im_id": 24
        },
        {
            "file_path": "images/frame_00020.jpg",
            "transform_matrix": [
                [
                    0.8843350732670131,
                    0.3511924052731778,
                    -0.30759611939728104,
                    0.17575971197312146
                ],
                [
                    -0.46683925879898774,
                    0.6702330447954249,
                    -0.5769304742412771,
                    -0.08994399911454207
                ],
                [
                    0.003547482746707849,
                    0.6537977975970042,
                    0.7566609909486997,
                    1.7082756327786612
                ],
                [
                    0.0,
                    0.0,
                    0.0,
                    1.0
                ]
            ],
            "colmap_im_id": 20
        },
        {
            "file_path": "images/frame_00011.jpg",
            "transform_matrix": [
                [
                    0.687284261633749,
                    -0.35213280533509617,
                    0.6353289156943729,
                    4.91525525184517
                ],
                [
                    0.578200697916412,
                    -0.2642181741704678,
                    -0.7719279172092421,
                    -1.2567970495748524
                ],
                [
                    0.4396865891058386,
                    0.8978815310745956,
                    0.02201044105904938,
                    -1.9596905966212363
                ],
                [
                    0.0,
                    0.0,
                    0.0,
                    1.0
                ]
            ],
            "colmap_im_id": 11
        },
        {
            "file_path": "images/frame_00012.jpg",
            "transform_matrix": [
                [
                    0.5994779442613923,
                    -0.36992324225792084,
                    0.7097767178356318,
                    5.40942403045423
                ],
                [
                    0.6608753894015097,
                    -0.2714871826713364,
                    -0.6996702289854722,
                    -0.9570049515798794
                ],
                [
                    0.4515195610685516,
                    0.8885108353208575,
                    0.08172258861474281,
                    -1.5696580041958774
                ],
                [
                    0.0,
                    0.0,
                    0.0,
                    1.0
                ]
            ],
            "colmap_im_id": 12
        },
        {
            "file_path": "images/frame_00013.jpg",
            "transform_matrix": [
                [
                    0.6694694970650445,
                    -0.4900890719650643,
                    0.5582322939779627,
                    4.522988599685694
                ],
                [
                    0.6045925888042041,
                    -0.07713935486991179,
                    -0.7927908434721507,
                    -1.2986877407825912
                ],
                [
                    0.4315998077646779,
                    0.8682523950273191,
                    0.24466177565532635,
                    -0.758888858735037
                ],
                [
                    0.0,
                    0.0,
                    0.0,
                    1.0
                ]
            ],
            "colmap_im_id": 13
        },
        {
            "file_path": "images/frame_00030.jpg",
            "transform_matrix": [
                [
                    -0.18166752547650442,
                    0.3475964607653669,
                    -0.9198769540817031,
                    -3.270457907814635
                ],
                [
                    -0.8332161920874972,
                    -0.5512149408285596,
                    -0.04373632644125774,
                    2.6392595577657203
                ],
                [
                    -0.522252513091562,
                    0.7585109026709883,
                    0.3897608537280135,
                    0.24895165396834634
                ],
                [
                    0.0,
                    0.0,
                    0.0,
                    1.0
                ]
            ],
            "colmap_im_id": 30
        },
        {
            "file_path": "images/frame_00031.jpg",
            "transform_matrix": [
                [
                    -0.0009986109284855552,
                    0.39060544942599623,
                    -0.9205576492838068,
                    -3.292676551203313
                ],
                [
                    -0.8735403356676261,
                    -0.4484233015776723,
                    -0.18932465387231115,
                    1.8429654210917552
                ],
                [
                    -0.48675074189764084,
                    0.8039551762883894,
                    0.341657415814732,
                    -0.1180758547990684
                ],
                [
                    0.0,
                    0.0,
                    0.0,
                    1.0
                ]
            ],
            "colmap_im_id": 31
        },
        {
            "file_path": "images/frame_00032.jpg",
            "transform_matrix": [
                [
                    0.21452881270844718,
                    0.39693884897205395,
                    -0.8924219510380973,
                    -2.8317666752841975
                ],
                [
                    -0.8910788955723038,
                    -0.29459796469291905,
                    -0.34523968639835156,
                    1.000344450032006
                ],
                [
                    -0.3999447341615419,
                    0.8692822265383842,
                    0.2905040795598627,
                    -0.4703721162195053
                ],
                [
                    0.0,
                    0.0,
                    0.0,
                    1.0
                ]
            ],
            "colmap_im_id": 32
        },
        {
            "file_path": "images/frame_00033.jpg",
            "transform_matrix": [
                [
                    0.38435337193397234,
                    0.36988614383196516,
                    -0.8458467509449356,
                    -2.4820010606035163
                ],
                [
                    -0.8482155872444586,
                    -0.2201833661231783,
                    -0.48171527154347565,
                    0.3361864390015242
                ],
                [
                    -0.3644211890635938,
                    0.9026092875014,
                    0.22911497349080284,
                    -0.8013525175652874
                ],
                [
                    0.0,
                    0.0,
                    0.0,
                    1.0
                ]
            ],
            "colmap_im_id": 33
        },
        {
            "file_path": "images/frame_00034.jpg",
            "transform_matrix": [
                [
                    0.3496863432141484,
                    0.6021544334567074,
                    -0.7177252257221758,
                    -1.7587301936842599
                ],
                [
                    -0.8639998636176117,
                    -0.08894222507878696,
                    -0.4955739261369415,
                    0.15689226376640147
                ],
                [
                    -0.36224811529981105,
                    0.793409931161985,
                    0.48915946693820483,
                    0.43427335642499715
                ],
                [
                    0.0,
                    0.0,
                    0.0,
                    1.0
                ]
            ],
            "colmap_im_id": 34
        },
        {
            "file_path": "images/frame_00035.jpg",
            "transform_matrix": [
                [
                    0.40269031742987593,
                    0.8425524619755661,
                    -0.35769520134765315,
                    -0.0651756152397334
                ],
                [
                    -0.838762524840544,
                    0.18319553196479071,
                    -0.5127541555085174,
                    0.14140249829785823
                ],
                [
                    -0.36649411341976745,
                    0.5065024638509171,
                    0.7804724972358787,
                    2.007634701077476
                ],
                [
                    0.0,
                    0.0,
                    0.0,
                    1.0
                ]
            ],
            "colmap_im_id": 35
        },
        {
            "file_path": "images/frame_00036.jpg",
            "transform_matrix": [
                [
                    0.4051991147575372,
                    0.8741662752371492,
                    -0.26766957361216326,
                    0.36628022414084105
                ],
                [
                    -0.8444624272527291,
                    0.24569903310927435,
                    -0.4759361239574039,
                    0.1212371376953629
                ],
                [
                    -0.35028115330136983,
                    0.4188857939429039,
                    0.8377576053219009,
                    2.5966022749854947
                ],
                [
                    0.0,
                    0.0,
                    0.0,
                    1.0
                ]
            ],
            "colmap_im_id": 36
        },
        {
            "file_path": "images/frame_00037.jpg",
            "transform_matrix": [
                [
                    0.39289310587544535,
                    0.9079731892725766,
                    -0.14566981471029658,
                    0.83124147350726
                ],
                [
                    -0.8615675382363089,
                    0.30808270695324863,
                    -0.40346799468332667,
                    0.298655815070875
                ],
                [
                    -0.3214597710647046,
                    0.28402417720775935,
                    0.9033237970675204,
                    3.2021228441266127
                ],
                [
                    0.0,
                    0.0,
                    0.0,
                    1.0
                ]
            ],
            "colmap_im_id": 37
        },
        {
            "file_path": "images/frame_00038.jpg",
            "transform_matrix": [
                [
                    0.3828193855287264,
                    0.9210948030160124,
                    -0.07094844551010868,
                    1.4062557585812925
                ],
                [
                    -0.879870117470813,
                    0.3401222659051716,
                    -0.33188163645707947,
                    0.9212077143385303
                ],
                [
                    -0.2815633045077177,
                    0.18947614122211828,
                    0.9406491893699105,
                    3.0286971154223656
                ],
                [
                    0.0,
                    0.0,
                    0.0,
                    1.0
                ]
            ],
            "colmap_im_id": 38
        },
        {
            "file_path": "images/frame_00039.jpg",
            "transform_matrix": [
                [
                    0.3580759268160083,
                    0.9329479740657772,
                    -0.037278791844935884,
                    1.5082735775053226
                ],
                [
                    -0.8956205988942693,
                    0.3319163232656649,
                    -0.29613391765563213,
                    1.2595275105199102
                ],
                [
                    -0.263904099004026,
                    0.13942608090441255,
                    0.9544186683487014,
                    2.7676473028866804
                ],
                [
                    0.0,
                    0.0,
                    0.0,
                    1.0
