{
    "w": 3072,
    "h": 4096,
    "fl_x": 2923.450042142207,
    "fl_y": 2924.9488610403623,
    "cx": 1526.4034247623642,
    "cy": 2050.193648437053,
    "k1": 0.020164832363340827,
    "k2": -0.056841442967041265,
    "p1": -0.0010295175964175664,
    "p2": 0.0011532258460594362,
    "camera_model": "OPENCV",
    "frames": [
        {
            "file_path": "images/frame_00029.jpg",
            "transform_matrix": [
                [
                    0.12615418678863335,
                    0.021556066242945884,
                    -0.9917764149060151,
                    -5.3876394725029915
                ],
                [
                    -0.9726754011392887,
                    -0.19373974819863857,
                    -0.12793542897278942,
                    1.4587577135115548
                ],
                [
                    -0.19490429747499702,
                    0.9808161122127114,
                    -0.0034740250027913908,
                    -2.128325503859175
                ],
                [
                    0.0,
                    0.0,
                    0.0,
                    1.0
                ]
            ],
            "colmap_im_id": 29
        },
        {
            "file_path": "images/frame_00028.jpg",
            "transform_matrix": [
                [
                    0.04177128445189704,
                    0.2735546819749319,
                    -0.9609490078900296,
                    -4.507381425033282
                ],
                [
                    -0.994869146329149,
                    -0.07731261099480882,
                    -0.06525443941583571,
                    1.8925293684129922
                ],
                [
                    -0.09214413425470064,
                    0.9587442808959848,
                    0.2689216658651594,
                    -0.934716245412846
                ],
                [
                    0.0,
                    0.0,
                    0.0,
                    1.0
                ]
            ],
            "colmap_im_id": 28
        },
        {
            "file_path": "images/frame_00027.jpg",
            "transform_matrix": [
                [
                    0.1332967776830454,
                    0.3443136377925377,
                    -0.9293439018411773,
                    -4.323736922363056
                ],
                [
                    -0.9871434888977381,
                    -0.037327970093318216,
                    -0.1554167139515945,
                    1.4376824279796194
                ],
                [
                    -0.08820261552877057,
                    0.9381123288171738,
                    0.33491126755470974,
                    -0.578549169663956
                ],
                [
                    0.0,
                    0.0,
                    0.0,
                    1.0
                ]
            ],
            "colmap_im_id": 27
        },
        {
            "file_path": "images/frame_00026.jpg",
            "transform_matrix": [
                [
                    0.28166540285788366,
                    0.39619789627441365,
                    -0.8738946319898266,
                    -4.189128248121378
                ],
                [
                    -0.9508580989506231,
                    -0.006795500875070655,
                    -0.30955241370059333,
                    0.7182917854668924
                ],
                [
                    -0.1285825668312484,
                    0.9181399937676094,
                    0.3748139209681274,
                    -0.3723122331086788
                ],
                [
                    0.0,
                    0.0,
                    0.0,
                    1.0
                ]
            ],
            "colmap_im_id": 26
        },
        {
            "file_path": "images/frame_00025.jpg",
            "transform_matrix": [
                [
                    0.4047702111430202,
                    0.41095696893168404,
                    -0.8168692954553475,
                    -3.7754379444691475
                ],
                [
                    -0.9042791888935688,
                    0.04723258046997659,
                    -0.42432090671581896,
                    0.2273214285956293
                ],
                [
                    -0.1357947889472286,
                    0.9104303669301843,
                    0.3907381761053654,
                    -0.3512037280484566
                ],
                [
                    0.0,
                    0.0,
                    0.0,
                    1.0
                ]
            ],
            "colmap_im_id": 25
        },
        {
            "file_path": "images/frame_00024.jpg",
            "transform_matrix": [
                [
                    0.7288925463507657,
                    0.2695508124363665,
                    -0.6293314034665611,
                    -3.153312022843097
                ],
                [
                    -0.6777447734488605,
                    0.15407099450242379,
                    -0.7189743741718385,
                    -1.0157064661810011
                ],
                [
                    -0.09683841147524799,
                    0.9505811318177575,
                    0.29498785380930803,
                    -0.712623719752919
                ],
                [
                    0.0,
                    0.0,
                    0.0,
                    1.0
                ]
            ],
            "colmap_im_id": 24
        },
        {
            "file_path": "images/frame_00023.jpg",
            "transform_matrix": [
                [
                    0.8196642574454852,
                    0.2151422308103946,
                    -0.5309089616763577,
                    -2.502470924424186
                ],
                [
                    -0.5692827249657154,
                    0.20274018902327395,
                    -0.7967519029223693,
                    -1.4254719410795176
                ],
                [
                    -0.06377839855273064,
                    0.9553063572889767,
                    0.2886556419010635,
                    -0.7088758623356427
                ],
                [
                    0.0,
                    0.0,
                    0.0,
                    1.0
                ]
            ],
            "colmap_im_id": 23
        },
        {
            "file_path": "images/frame_00022.jpg",
            "transform_matrix": [
                [
                    0.9906383091651962,
                    0.05016389894313194,
                    -0.12696189844651942,
                    -0.8510882459406957
                ],
                [
                    -0.13390119457586588,
                    0.17601442155092148,
                    -0.9752381214335555,
                    -2.6794123094916467
                ],
                [
                    -0.02657462145501176,
                    0.9831085935179887,
                    0.18108363494696333,
                    -1.1757469259773217
                ],
                [
                    0.0,
                    0.0,
                    0.0,
                    1.0
                ]
            ],
            "colmap_im_id": 22
        },
        {
            "file_path": "images/frame_00021.jpg",
            "transform_matrix": [
                [
                    0.9885745398652663,
                    -0.041686659491233125,
                    0.14485372466953986,
                    0.4256569020432397
                ],
                [
                    0.15049150226606678,
                    0.21860713287852443,
                    -0.9641385943941533,
                    -2.3758096994934226
                ],
                [
                    0.008525659850081906,
                    0.9749221219538989,
                    0.22238293380794213,
                    -1.007029981798821
                ],
                [
                    0.0,
                    0.0,
                    0.0,
                    1.0
                ]
            ],
            "colmap_im_id": 21
        },
        {
            "file_path": "images/frame_00020.jpg",
            "transform_matrix": [
                [
                    0.9388583517227157,
                    -0.13543809386407313,
                    0.3165462337968534,
                    1.360343382425369
                ],
                [
                    0.33896891569981796,
                    0.20237919439672455,
                    -0.9187724070000267,
                    -2.145201558549985
                ],
                [
                    0.06037441171386551,
                    0.9698964812833376,
                    0.2359147006958349,
                    -0.9847830700233978
                ],
                [
                    0.0,
                    0.0,
                    0.0,
                    1.0
                ]
            ],
            "colmap_im_id": 20
        },
        {
            "file_path": "images/frame_00019.jpg",
            "transform_matrix": [
                [
                    0.8271595009051094,
                    -0.2414801397645243,
                    0.5074391610446679,
                    2.1284655374993826
                ],
                [
                    0.5384995253631759,
                    0.08237415347156603,
                    -0.8385897447640753,
                    -1.66382355005547
                ],
                [
                    0.16070289744134958,
                    0.9669032221164375,
                    0.19817350432085104,
                    -1.1547964298406803
                ],
                [
                    0.0,
                    0.0,
                    0.0,
                    1.0
                ]
            ],
            "colmap_im_id": 19
        },
        {
            "file_path": "images/frame_00018.jpg",
            "transform_matrix": [
                [
                    0.637997036244161,
                    -0.3421927871495003,
                    0.6898288760022466,
                    2.721517779173917
                ],
                [
                    0.7243929506098588,
                    -0.03713746819268198,
                    -0.6883862735143549,
                    -0.8277601088540233
                ],
                [
                    0.2611793155102623,
                    0.938895577196471,
                    0.22418844812009509,
                    -1.0848571235715623
                ],
                [
                    0.0,
                    0.0,
                    0.0,
                    1.0
                ]
            ],
            "colmap_im_id": 18
        },
        {
            "file_path": "images/frame_00017.jpg",
            "transform_matrix": [
                [
                    0.40322348145334197,
                    -0.35571115235122297,
                    0.8431372368111912,
                    3.447038756104487
                ],
                [
                    0.8767265981171338,
                    -0.11385183483643065,
                    -0.4673202669030472,
                    0.022944017345610412
                ],
                [
                    0.2622237520870363,
                    0.9276353463497082,
                    0.265953695300617,
                    -0.9276041816559089
                ],
                [
                    0.0,
                    0.0,
                    0.0,
                    1.0
                ]
            ],
            "colmap_im_id": 17
        },
        {
            "file_path": "images/frame_00030.jpg",
            "transform_matrix": [
                [
                    0.4381081077908403,
                    0.06800559393043344,
                    -0.8963462082711671,
                    -5.030442023100693
                ],
                [
                    -0.865947930706906,
                    -0.2356656867378011,
                    -0.44113021365445865,
                    -0.2624756464784128
                ],
                [
                    -0.24123736690727923,
                    0.9694518674429223,
                    -0.044357744747374014,
                    -2.256626425533234
                ],
                [
                    0.0,
                    0.0,
                    0.0,
                    1.0
                ]
            ],
            "colmap_im_id": 30
        },
        {
            "file_path": "images/frame_00001.jpg",
            "transform_matrix": [
                [
                    0.996686571239854,
                    -0.04554445796394928,
                    0.0673912535787351,
                    0.0570048180605155
                ],
                [
                    0.07943927656556296,
                    0.723034505991682,
                    -0.686229192386993,
                    -0.8396120943897247
                ],
                [
                    -0.017472265133156625,
                    0.6893089332760274,
                    0.7242568014571779,
                    1.004537181923318
                ],
                [
                    0.0,
                    0.0,
                    0.0,
                    1.0
                ]
            ],
            "colmap_im_id": 1
        },
        {
            "file_path": "images/frame_00031.jpg",
            "transform_matrix": [
                [
                    0.6261118233543927,
                    0.062478657924910176,
                    -0.7772260944922915,
                    -4.811250461642717
                ],
                [
                    -0.7399932326494137,
                    -0.2665485949173451,
                    -0.6175450284640467,
                    -1.495845458808858
                ],
                [
                    -0.24575190800664998,
                    0.9617942939378937,
                    -0.1206554427267993,
                    -2.7990169694612757
                ],
                [
                    0.0,
                    0.0,
                    0.0,
                    1.0
                ]
            ],
            "colmap_im_id": 31
        },
        {
            "file_path": "images/frame_00002.jpg",
            "transform_matrix": [
                [
                    0.9428002682044655,
                    -0.2564262650060601,
                    0.2130099173480663,
                    0.7182885737773713
                ],
                [
                    0.3328855624802328,
                    0.6901820099133404,
                    -0.6425231478197502,
                    -0.6448918023791474
                ],
                [
                    0.017744198088592223,
                    0.6766789222423167,
                    0.7360643855174419,
                    1.1248437518375833
                ],
                [
                    0.0,
                    0.0,
                    0.0,
                    1.0
                ]
            ],
            "colmap_im_id": 2
        },
        {
            "file_path": "images/frame_00032.jpg",
            "transform_matrix": [
                [
                    0.7874455095537728,
                    0.1477094067045779,
                    -0.5984241812080962,
                    -3.7453706633464567
                ],
                [
                    -0.5551033929703726,
                    -0.2520827304272574,
                    -0.7926629297079048,
                    -2.607623034174734
                ],
                [
                    -0.2679361726165,
                    0.9563661580123589,
                    -0.11650742127564612,
                    -2.7608659079871645
                ],
                [
                    0.0,
                    0.0,
                    0.0,
                    1.0
                ]
            ],
            "colmap_im_id": 32
        },
        {
            "file_path": "images/frame_00003.jpg",
            "transform_matrix": [
                [
                    0.7777325302154195,
                    -0.528066482624917,
                    0.3409954565281919,
                    1.4036291099389133
                ],
                [
                    0.6150407444187913,
                    0.5272182729429375,
                    -0.5863154231127183,
                    -0.6213312721448617
                ],
                [
                    0.1298344875196912,
                    0.6657226769483032,
                    0.734817203967956,
                    1.3212471461157917
                ],
                [
                    0.0,
                    0.0,
                    0.0,
                    1.0
                ]
            ],
            "colmap_im_id": 3
        },
        {
            "file_path": "images/frame_00033.jpg",
            "transform_matrix": [
                [
                    0.9298315918512868,
                    0.11579132781383164,
                    -0.34929297043944607,
                    -2.3922641236077085
                ],
                [
                    -0.32325189387390774,
                    -0.19656873557302934,
                    -0.9256721586512974,
                    -3.4413642044258386
                ],
                [
                    -0.175844885914359,
                    0.9736288310225465,
                    -0.14534605429606898,
                    -2.9116453139273095
                ],
                [
                    0.0,
                    0.0,
                    0.0,
                    1.0
                ]
            ],
            "colmap_im_id": 33
        },
        {
            "file_path": "images/frame_00004.jpg",
            "transform_matrix": [
                [
                    0.5809112947855916,
                    -0.7245544505181546,
                    0.3708947503333832,
                    1.5325835762399083
                ],
                [
                    0.7797986221850295,
                    0.3647576104946105,
                    -0.5087887522583334,
                    -0.2653592784177441
                ],
                [
                    0.23335847194575443,
                    0.5847843481323667,
                    0.7768983780074107,
                    1.4897527331231983
                ],
                [
                    0.0,
                    0.0,
                    0.0,
                    1.0
                ]
            ],
            "colmap_im_id": 4
        },
        {
            "file_path": "images/frame_00034.jpg",
            "transform_matrix": [
                [
                    0.977307285860305,
                    0.05613673130653856,
                    -0.2042526288755705,
                    -1.448506546974726
                ],
                [
                    -0.18730073641477182,
                    -0.22136336176159652,
                    -0.9570353683161812,
                    -3.5454011060002952
                ],
                [
                    -0.09893888589855968,
                    0.9735743060844518,
                    -0.20582557515850583,
                    -3.241980869417886
                ],
                [
                    0.0,
                    0.0,
                    0.0,
                    1.0
                ]
            ],
            "colmap_im_id": 34
        },
        {
            "file_path": "images/frame_00005.jpg",
            "transform_matrix": [
                [
                    0.27870281565023924,
                    -0.8526318096450244,
                    0.4419770782858312,
                    1.8273465567834883
                ],
                [
                    0.9110108444135074,
                    0.08906468175164524,
                    -0.40264962911378255,
                    0.32200009174825484
                ],
                [
                    0.30394733410513286,
                    0.5148654966551256,
                    0.8015794024577064,
                    1.5339237696395895
                ],
                [
                    0.0,
                    0.0,
                    0.0,
                    1.0
                ]
            ],
            "colmap_im_id": 5
        },
        {
            "file_path": "images/frame_00035.jpg",
            "transform_matrix": [
                [
                    0.9956540945994519,
                    0.07813732055402023,
                    0.05067033692392653,
                    0.07514787104226828
                ],
                [
                    0.06971963236082432,
                    -0.26467809712323753,
                    -0.9618132239508322,
                    -3.0222546956242655
                ],
                [
                    -0.06174217983532362,
                    0.9611659919284805,
                    -0.2689755364142289,
                    -3.47795003738491
                ],
                [
                    0.0,
                    0.0,
                    0.0,
                    1.0
                ]
            ],
            "colmap_im_id": 35
        },
        {
            "file_path": "images/frame_00006.jpg",
            "transform_matrix": [
                [
                    0.021925559137548747,
                    -0.8754528931762673,
                    0.48280586335069353,
                    2.0011873434421825
                ],
                [
                    0.9564750898874975,
                    -0.12219065513453656,
                    -0.26499970985360716,
                    0.8462830804042327
                ],
                [
                    0.29098912742782856,
                    0.46760204835639424,
                    0.8346697862578321,
                    1.6721507575371863
                ],
                [
                    0.0,
                    0.0,
                    0.0,
                    1.0
                ]
            ],
            "colmap_im_id": 6
        },
        {
            "file_path": "images/frame_00036.jpg",
            "transform_matrix": [
                [
                    0.9986347954836492,
                    0.009715037519019216,
                    0.05132410053117183,
                    0.13138037461702617
                ],
                [
                    0.051206484042887634,
                    0.011991318445502362,
                    -0.9986160945397907,
                    -2.7996452460180974
                ],
                [
                    -0.010317036458948763,
                    0.9998809060722895,
                    0.011477474929709849,
                    -1.9803178245046846
                ],
                [
                    0.0,
                    0.0,
                    0.0,
                    1.0
                ]
            ],
            "colmap_im_id": 36
        },
        {
            "file_path": "images/frame_00007.jpg",
            "transform_matrix": [
                [
                    -0.1805398926623134,
                    -0.8767143042607994,
                    0.4458445646881717,
                    1.8142825802079243
                ],
                [
                    0.9483875880207414,
                    -0.2753198001422448,
                    -0.15735307603550824,
                    1.3243536094274688
                ],
                [
                    0.26070352902422145,
                    0.39442494387923555,
                    0.8811711715666711,
                    1.8481688213211647
                ],
                [
                    0.0,
                    0.0,
                    0.0,
                    1.0
                ]
            ],
            "colmap_im_id": 7
        },
        {
            "file_path": "images/frame_00037.jpg",
            "transform_matrix": [
                [
                    0.9987679211253392,
                    0.018889444865200625,
                    0.045889308162717364,
                    -0.009804248777523603
                ],
                [
                    0.02350342653445448,
                    0.634370459809377,
                    -0.7726717988010041,
                    -1.0812104604781347
                ],
                [
                    -0.043706162861864156,
                    0.7727983621837745,
                    0.633144898687471,
                    0.5302088525081352
                ],
                [
                    0.0,
                    0.0,
                    0.0,
                    1.0
                ]
            ],
            "colmap_im_id": 37
        },
        {
            "file_path": "images/frame_00008.jpg",
            "transform_matrix": [
                [
                    -0.4596995218714866,
                    -0.8222636321724363,
                    0.3354979415700187,
                    1.410741326243753
                ],
                [
                    0.8631924329987403,
                    -0.5025075380980727,
                    -0.048836438939893416,
                    1.753170139644081
                ],
                [
                    0.2087466723204054,
                    0.26714919681931815,
                    0.940774220221808,
                    2.2460097528087655
                ],
                [
                    0.0,
                    0.0,
                    0.0,
                    1.0
                ]
            ],
            "colmap_im_id": 8
        },
        {
            "file_path": "images/frame_00038.jpg",
            "transform_matrix": [
                [
                    0.99852109933767,
                    0.021972861437877297,
                    0.04972733189828897,
                    0.02616359451185167
                ],
                [
                    0.012016428638742449,
                    0.8028601448343111,
                    -0.5960463012882466,
                    -0.23502689594886028
                ],
                [
                    -0.05302093567885004,
                    0.595762352953643,
                    0.8014087591129001,
                    1.2254118427192204
                ],
                [
                    0.0,
                    0.0,
                    0.0,
                    1.0
                ]
            ],
            "colmap_im_id": 38
        },
        {
            "file_path": "images/frame_00009.jpg",
            "transform_matrix": [
                [
                    -0.43439220367661396,
                    -0.7794073044942302,
                    0.45147277557568843,
                    1.9705885809346948
                ],
                [
                    0.880599459986887,
                    -0.47284789426146007,
                    0.0309751507390679,
                    2.2039105824598333
                ],
                [
                    0.18933569250350216,
                    0.4110220463594896,
                    0.8917470902395352,
                    2.087193441218718
                ],
                [
                    0.0,
                    0.0,
                    0.0,
                    1.0
                ]
            ],
            "colmap_im_id": 9
        },
        {
            "file_path": "images/frame_00039.jpg",
            "transform_matrix": [
                [
                    0.9992009343455316,
                    0.0022482641776115707,
                    0.039905364441444685,
                    -0.036721233265605446
                ],
                [
                    0.013485725349048931,
                    0.9209039321687389,
                    -0.3895562641364707,
                    0.5429103131161686
                ],
                [
                    -0.037624832422575236,
                    0.38978313589012714,
                    0.9201377499922664,
                    1.5206994622774805
                ],
                [
                    0.0,
                    0.0,
                    0.0,
                    1.0
                ]
            ],
            "colmap_im_id": 39
        },
        {
            "file_path": "images/frame_00010.jpg",
            "transform_matrix": [
                [
                    -0.4194597648040565,
                    -0.6979450151360135,
                    0.5804534964640287,
                    2.420093891615345
                ],
                [
                    0.886515777732871,
                    -0.45251984701267706,
                    0.09651716888878759,
                    2.4239567525879533
                ],
                [
                    0.19530305051690572,
                    0.5550662518172165,
                    0.8085531365051883,
                    1.5020511358822983
                ],
                [
                    0.0,
                    0.0,
                    0.0,
                    1.0
                ]
            ],
            "colmap_im_id": 10
        },
        {
            "file_path": "images/frame_00040.jpg",
            "transform_matrix": [
                [
                    0.9976742319208884,
                    -0.003980793122211632,
                    -0.06804616261908887,
                    -0.4320703604121602
                ],
                [
                    -0.020877029304486133,
                    0.9324698484109498,
                    -0.3606440509032143,
                    0.7147193260504577
                ],
                [
                    0.06488664429977069,
                    0.3612258782127586,
                    0.9302180326681143,
                    1.5336002944847351
                ],
                [
                    0.0,
                    0.0,
                    0.0,
                    1.0
                ]
            ],
            "colmap_im_id": 40
        },
        {
            "file_path": "images/frame_00011.jpg",
            "transform_matrix": [
                [
                    -0.42451604122444014,
                    -0.6177268033495514,
                    0.6619665604595705,
                    2.938397665633371
                ],
                [
                    0.886710217703821,
                    -0.4315057586007462,
                    0.1659752093357225,
                    2.798033052445222
                ],
                [
                    0.18311504734120523,
                    0.6574316517463541,
                    0.7309257846863039,
                    1.2458119743397305
                ],
                [
                    0.0,
                    0.0,
                    0.0,
                    1.0
                ]
            ],
            "colmap_im_id": 11
        },
        {
            "file_path": "images/frame_00041.jpg",
            "transform_matrix": [
                [
                    0.9938052315659384,
                    -0.018930994682548843,
                    -0.10951154803262293,
                    -0.6097694521390302
                ],
                [
                    -0.0008041722416115128,
                    0.9841344119982658,
                    -0.17742269423000148,
                    1.3986432875844195
                ],
                [
                    0.1111328710111369,
                    0.17641166787136298,
                    0.9780227034275152,
                    1.9253484527565767
                ],
                [
                    0.0,
                    0.0,
                    0.0,
                    1.0
                ]
            ],
            "colmap_im_id": 41
        },
        {
            "file_path": "images/frame_00012.jpg",
            "transform_matrix": [
                [
                    -0.41803961838497483,
                    -0.5013154700527491,
                    0.7575788255662462,
                    3.3058378378953974
                ],
                [
                    0.8902258192491941,
                    -0.39218031612464005,
                    0.23171661655236547,
                    3.120538501702596
                ],
                [
                    0.18094437875392191,
                    0.7712829565925649,
                    0.6102308847208476,
                    0.634031441281903
                ],
                [
                    0.0,
                    0.0,
                    0.0,
                    1.0
                ]
            ],
            "colmap_im_id": 12
        },
        {
            "file_path": "images/frame_00042.jpg",
            "transform_matrix": [
                [
                    0.9910486646702447,
                    -0.001575197812842856,
                    -0.13349180876433986,
                    -0.6897307893482472
                ],
                [
                    -0.008476305525415744,
                    0.9971704005935961,
                    -0.07469500936907406,
                    1.7726911736649857
                ],
                [
                    0.133231739836889,
                    0.07515790664897919,
                    0.9882310420990522,
                    1.9112900559036006
                ],
                [
                    0.0,
                    0.0,
                    0.0,
                    1.0
                ]
            ],
            "colmap_im_id": 42
        },
        {
            "file_path": "images/frame_00013.jpg",
            "transform_matrix": [
                [
                    -0.4338086263357426,
                    -0.3949738782188092,
                    0.8098183198974257,
                    3.5980967173662717
                ],
                [
                    0.8824496848602028,
                    -0.3677199595187294,
                    0.2933676619221572,
                    3.398913786561566
                ],
                [
                    0.18191379663682805,
                    0.8418893436172817,
                    0.5080646648772551,
                    0.2079930391350275
                ],
                [
                    0.0,
                    0.0,
                    0.0,
                    1.0
                ]
            ],
            "colmap_im_id": 13
        },
        {
            "file_path": "images/frame_00014.jpg",
            "transform_matrix": [
                [
                    -0.4308288441960461,
                    -0.29384584319937174,
                    0.853253261021105,
                    3.6719315338942744
                ],
                [
                    0.8834921091168736,
                    -0.3300420767494556,
                    0.3324363408280231,
                    3.555372091119818
                ],
                [
                    0.18392444137992678,
                    0.8970656876780856,
                    0.4018021302254697,
                    -0.36181454675685165
                ],
                [
                    0.0,
                    0.0,
                    0.0,
                    1.0
                ]
            ],
            "colmap_im_id": 14
        },
        {
            "file_path": "images/frame_00015.jpg",
            "transform_matrix": [
                [
                    -0.17277034658899545,
                    -0.34076218258717145,
                    0.9241382700970378,
                    3.598598906460522
                ],
                [
                    0.9540589949725969,
                    -0.29107664310050324,
                    0.07103394930046193,
                    2.2512992781542875
                ],
                [
                    0.24478938181913998,
                    0.8939549892247203,
                    0.3753966379562207,
                    -0.6302624003087517
                ],
                [
                    0.0,
                    0.0,
                    0.0,
                    1.0
                ]
            ],
            "colmap_im_id": 15
        },
        {
            "file_path": "images/frame_00016.jpg",
            "transform_matrix": [
                [
                    0.01715321299195444,
                    -0.3746220094881188,
                    0.92701894117172,
                    3.431790421979514
                ],
                [
                    0.9581565079565041,
                    -0.2587965728027097,
                    -0.12231287816975783,
                    1.556676993213732
                ],
                [
                    0.28573042110466806,
                    0.8903272903335354,
                    0.3545073236799114,
                    -0.7914062384141161
                ],
                [
                    0.0,
                    0.0,
                    0.0,
                    1.0
                ]
            ],
            "colmap_im_id": 16
        }
    ],
    "applied_transform": [
        [
            1.0,
            0.0,
            0.0,
            0.0
        ],
        [
            0.0,
            0.0,
            1.0,
            0.0
        ],
        [
            -0.0,
            -1.0,
            -0.0,
            -0.0
        ]
    ],
    "ply_file_path": "sparse_pc.ply"
}