{
    "w": 3072,
    "h": 4096,
    "fl_x": 2857.010251376771,
    "fl_y": 2855.0802194061102,
    "cx": 1526.9127999576926,
    "cy": 2057.7052162795753,
    "k1": 0.03030553044065138,
    "k2": -0.05402230238952461,
    "p1": -0.0009461531433465525,
    "p2": 0.0008160576917449491,
    "camera_model": "OPENCV",
    "frames": [
        {
            "file_path": "images/frame_00059.jpg",
            "transform_matrix": [
                [
                    0.9651669233711471,
                    0.10458257479659289,
                    -0.23982346648981065,
                    -0.8141456794286184
                ],
                [
                    -0.19730500012428384,
                    -0.31104016163868436,
                    -0.929690676931708,
                    -0.9217886064183893
                ],
                [
                    -0.17182417453964574,
                    0.9446250594265938,
                    -0.27957101092043357,
                    -2.7088938306279675
                ],
                [
                    0.0,
                    0.0,
                    0.0,
                    1.0
                ]
            ],
            "colmap_im_id": 59
        },
        {
            "file_path": "images/frame_00058.jpg",
            "transform_matrix": [
                [
                    0.9857485614842466,
                    0.07245314018657895,
                    -0.15182330522302007,
                    -0.3957093910578819
                ],
                [
                    -0.12282184270925028,
                    -0.3067440024137016,
                    -0.9438341548898974,
                    -0.8460942092044675
                ],
                [
                    -0.11495463664090524,
                    0.9490303785761165,
                    -0.29347363093543943,
                    -2.6767739695913053
                ],
                [
                    0.0,
                    0.0,
                    0.0,
                    1.0
                ]
            ],
            "colmap_im_id": 58
        },
        {
            "file_path": "images/frame_00057.jpg",
            "transform_matrix": [
                [
                    0.9992048808347808,
                    0.023151237924205505,
                    -0.0324596102645817,
                    0.10116245711187913
                ],
                [
                    -0.023955781927405412,
                    -0.30217415754567933,
                    -0.9529516771714113,
                    -0.7902151908271505
                ],
                [
                    -0.03187046639442708,
                    0.9529715623743111,
                    -0.30137928707471906,
                    -2.6590760757704466
                ],
                [
                    0.0,
                    0.0,
                    0.0,
                    1.0
                ]
            ],
            "colmap_im_id": 57
        },
        {
            "file_path": "images/frame_00056.jpg",
            "transform_matrix": [
                [
                    0.999116987607107,
                    0.027632537054511918,
                    -0.031649454510796246,
                    0.22057288641019915
                ],
                [
                    -0.023945937020560606,
                    -0.24445967745928168,
                    -0.9693637388497216,
                    -1.1726734099588227
                ],
                [
                    -0.034522994874536604,
                    0.9692656544995469,
                    -0.2435821295424968,
                    -2.5858431704310707
                ],
                [
                    0.0,
                    0.0,
                    0.0,
                    1.0
                ]
            ],
            "colmap_im_id": 56
        },
        {
            "file_path": "images/frame_00055.jpg",
            "transform_matrix": [
                [
                    0.9994481692963899,
                    0.030633320441290135,
                    -0.012843541911627232,
                    0.2522843013003966
                ],
                [
                    -0.010180059695081815,
                    -0.08557096524918503,
                    -0.9962800692028961,
                    -1.0150196234184576
                ],
                [
                    -0.03161840088775933,
                    0.9958610392946721,
                    -0.08521189553247209,
                    -2.055106326165039
                ],
                [
                    0.0,
                    0.0,
                    0.0,
                    1.0
                ]
            ],
            "colmap_im_id": 55
        },
        {
            "file_path": "images/frame_00054.jpg",
            "transform_matrix": [
                [
                    0.9988112909500086,
                    0.04657024270204688,
                    -0.01439505350631751,
                    0.25486345815550737
                ],
                [
                    -0.01693546313418469,
                    0.054623667988032254,
                    -0.9983633832347638,
                    -0.8117672802187984
                ],
                [
                    -0.045707714438680526,
                    0.9974204065439035,
                    0.05534742496798171,
                    -1.4593887008740345
                ],
                [
                    0.0,
                    0.0,
                    0.0,
                    1.0
                ]
            ],
            "colmap_im_id": 54
        },
        {
            "file_path": "images/frame_00053.jpg",
            "transform_matrix": [
                [
                    0.9985928804520252,
                    0.045582994160305236,
                    -0.027100733457026415,
                    0.2658368584976197
                ],
                [
                    -0.03622004849516352,
                    0.21298169862152916,
                    -0.9763846087169217,
                    -0.5869984421814529
                ],
                [
                    -0.03873457367178856,
                    0.9759923087277224,
                    0.21433302616907896,
                    -1.185350736023993
                ],
                [
                    0.0,
                    0.0,
                    0.0,
                    1.0
                ]
            ],
            "colmap_im_id": 53
        },
        {
            "file_path": "images/frame_00052.jpg",
            "transform_matrix": [
                [
                    0.9994477542995548,
                    0.020603815992695097,
                    -0.026070465897565658,
                    0.2402903308049356
                ],
                [
                    -0.031741524285301886,
                    0.3598293722999461,
                    -0.9324780418145364,
                    -0.2782877550330879
                ],
                [
                    -0.009831686611287145,
                    0.9327906011516016,
                    0.3602846546019015,
                    -0.38434557689673243
                ],
                [
                    0.0,
                    0.0,
                    0.0,
                    1.0
                ]
            ],
            "colmap_im_id": 52
        },
        {
            "file_path": "images/frame_00051.jpg",
            "transform_matrix": [
                [
                    0.9999559357505254,
                    0.009179956547786326,
                    0.001963403950195489,
                    0.3152185774898793
                ],
                [
                    -0.0025558506805811627,
                    0.4674742232759141,
                    -0.884003008026488,
                    0.00013271577432686428
                ],
                [
                    -0.009032949938390067,
                    0.883959036930084,
                    0.46747708697330725,
                    0.2678046371726268
                ],
                [
                    0.0,
                    0.0,
                    0.0,
                    1.0
                ]
            ],
            "colmap_im_id": 51
        },
        {
            "file_path": "images/frame_00050.jpg",
            "transform_matrix": [
                [
                    0.9988847415298562,
                    0.0376341700410381,
                    0.0285121445029085,
                    0.5349056462841076
                ],
                [
                    -0.002774970843132506,
                    0.6496270744498388,
                    -0.7602479619693586,
                    0.7362198574711261
                ],
                [
                    -0.047133562093823016,
                    0.759320968620692,
                    0.6490070060771932,
                    0.737847104694626
                ],
                [
                    0.0,
                    0.0,
                    0.0,
                    1.0
                ]
            ],
            "colmap_im_id": 50
        },
        {
            "file_path": "images/frame_00049.jpg",
            "transform_matrix": [
                [
                    0.9970162804304045,
                    0.006076539709692243,
                    0.07695201246151907,
                    0.760498949685284
                ],
                [
                    0.046537649549839015,
                    0.7480343878690093,
                    -0.6620262847801535,
                    1.2605715944540352
                ],
                [
                    -0.061585580545267436,
                    0.6636321497867572,
                    0.745519675151709,
                    1.301653221556882
                ],
                [
                    0.0,
                    0.0,
                    0.0,
                    1.0
                ]
            ],
            "colmap_im_id": 49
        },
        {
            "file_path": "images/frame_00048.jpg",
            "transform_matrix": [
                [
                    0.9974001916725549,
                    0.04590986225185479,
                    0.055544056383797336,
                    0.8559857267736509
                ],
                [
                    0.017122429010861157,
                    0.5977272144277743,
                    -0.8015166870110575,
                    0.2860157178365403
                ],
                [
                    -0.06999771479354708,
                    0.8003839464159866,
                    0.5953871498808584,
                    1.3003451723315262
                ],
                [
                    0.0,
                    0.0,
                    0.0,
                    1.0
                ]
            ],
            "colmap_im_id": 48
        },
        {
            "file_path": "images/frame_00047.jpg",
            "transform_matrix": [
                [
                    0.9982494251607498,
                    0.03783460388564813,
                    0.04546017944364684,
                    0.7046949351942395
                ],
                [
                    0.025691363267127298,
                    0.4149385789848494,
                    -0.909486629656264,
                    -0.5664156909257704
                ],
                [
                    -0.05327324863108101,
                    0.9090624392300288,
                    0.4132401753961502,
                    0.6785759829310922
                ],
                [
                    0.0,
                    0.0,
                    0.0,
                    1.0
                ]
            ],
            "colmap_im_id": 47
        },
        {
            "file_path": "images/frame_00046.jpg",
            "transform_matrix": [
                [
                    0.9964916639252555,
                    0.02991468914858277,
                    0.07816313133836962,
                    0.7220273796986366
                ],
                [
                    0.06626366568286074,
                    0.2884740409448428,
                    -0.9551920510092321,
                    -1.0162680276747529
                ],
                [
                    -0.05112230763322036,
                    0.9570202918820986,
                    0.2854797200996203,
                    0.25874018163887647
                ],
                [
                    0.0,
                    0.0,
                    0.0,
                    1.0
                ]
            ],
            "colmap_im_id": 46
        },
        {
            "file_path": "images/frame_00045.jpg",
            "transform_matrix": [
                [
                    0.9984431490685539,
                    0.034398313322980364,
                    0.04390938531343198,
                    0.6150841063280317
                ],
                [
                    0.040572364272077055,
                    0.09233829691489585,
                    -0.9949007599656512,
                    -1.5639178931753053
                ],
                [
                    -0.038277425924992,
                    0.9951333553667019,
                    0.09079891905285076,
                    -0.5253930382212332
                ],
                [
                    0.0,
                    0.0,
                    0.0,
                    1.0
                ]
            ],
            "colmap_im_id": 45
        },
        {
            "file_path": "images/frame_00044.jpg",
            "transform_matrix": [
                [
                    0.9989641598471232,
                    0.030372036229801346,
                    0.03388431430893785,
                    0.5785111324652825
                ],
                [
                    0.03606278385400317,
                    -0.07430834635995609,
                    -0.996583034815438,
                    -1.7358291266241646
                ],
                [
                    -0.02775036867558169,
                    0.9967726967952644,
                    -0.07532667496886383,
                    -1.3195933433180167
                ],
                [
                    0.0,
                    0.0,
                    0.0,
                    1.0
                ]
            ],
            "colmap_im_id": 44
        },
        {
            "file_path": "images/frame_00043.jpg",
            "transform_matrix": [
                [
                    0.9694057591105526,
                    0.1711344855134775,
                    -0.1759700601560687,
                    -0.6226119336029573
                ],
                [
                    -0.16260471773448296,
                    -0.08931766123898797,
                    -0.9826403518893809,
                    -1.8508421325481121
                ],
                [
                    -0.18388088528659582,
                    0.9811907782173837,
                    -0.0587577804838053,
                    -1.3679653005011805
                ],
                [
                    0.0,
                    0.0,
                    0.0,
                    1.0
                ]
            ],
            "colmap_im_id": 43
        },
        {
            "file_path": "images/frame_00042.jpg",
            "transform_matrix": [
                [
                    0.8552687188977096,
                    0.32104108166230605,
                    -0.40675304837231024,
                    -1.7995993941269663
                ],
                [
                    -0.3765530370116332,
                    -0.15419678325234035,
                    -0.9134720369841357,
                    -1.6000809625927384
                ],
                [
                    -0.35598206245875075,
                    0.9344281544986363,
                    -0.010990690964935872,
                    -1.1286585875693496
                ],
                [
                    0.0,
                    0.0,
                    0.0,
                    1.0
                ]
            ],
            "colmap_im_id": 42
        },
        {
            "file_path": "images/frame_00041.jpg",
            "transform_matrix": [
                [
                    0.757917094490876,
                    0.3924115441121181,
                    -0.5211284466674718,
                    -2.564918058866008
                ],
                [
                    -0.4876605022448775,
                    -0.18978968695425055,
                    -0.8521543928632189,
                    -1.1685251732748168
                ],
                [
                    -0.4333000258813547,
                    0.8999961415324795,
                    0.04751876258770479,
                    -0.7377255625324665
                ],
                [
                    0.0,
                    0.0,
                    0.0,
                    1.0
                ]
            ],
            "colmap_im_id": 41
        },
        {
            "file_path": "images/frame_00040.jpg",
            "transform_matrix": [
                [
                    0.5987998658542658,
                    0.47209437848028696,
                    -0.6469664739847225,
                    -3.371106538914573
                ],
                [
                    -0.6044328374669257,
                    -0.2635989807464149,
                    -0.75178223066333,
                    -0.6914763696087608
                ],
                [
                    -0.5254518680570033,
                    0.8412148804893804,
                    0.12750631042675015,
                    -0.30639895124091626
                ],
                [
                    0.0,
                    0.0,
                    0.0,
                    1.0
                ]
            ],
            "colmap_im_id": 40
        },
        {
            "file_path": "images/frame_00039.jpg",
            "transform_matrix": [
                [
                    0.3221573216152213,
                    0.5513902018519925,
                    -0.7695346031409666,
                    -3.8570001211747584
                ],
                [
                    -0.7480098340129818,
                    -0.34997651715479616,
                    -0.56391287062814,
                    0.23717610558059773
                ],
                [
                    -0.5802550717999604,
                    0.757288110788633,
                    0.2996977959688813,
                    0.44055605891964644
                ],
                [
                    0.0,
                    0.0,
                    0.0,
                    1.0
                ]
            ],
            "colmap_im_id": 39
        },
        {
            "file_path": "images/frame_00038.jpg",
            "transform_matrix": [
                [
                    0.002929740022365569,
                    0.5794009523240483,
                    -0.815037393663251,
                    -3.9750280004320455
                ],
                [
                    -0.8019575483242378,
                    -0.485524868553728,
                    -0.3480369128435389,
                    1.333189287606304
                ],
                [
                    -0.5973738421701911,
                    0.6546450476875773,
                    0.46323250558326795,
                    1.2649396013154401
                ],
                [
                    0.0,
                    0.0,
                    0.0,
                    1.0
                ]
            ],
            "colmap_im_id": 38
        },
        {
            "file_path": "images/frame_00037.jpg",
            "transform_matrix": [
                [
                    -0.08233665248996035,
                    0.5654427005754591,
                    -0.8206675502435079,
                    -4.038454568098967
                ],
                [
                    -0.796365028343058,
                    -0.5324177294553623,
                    -0.2869391973811837,
                    2.0117351541422743
                ],
                [
                    -0.599185628406514,
                    0.6299253239293755,
                    0.49413628583981006,
                    1.755455680697722
                ],
                [
                    0.0,
                    0.0,
                    0.0,
                    1.0
                ]
            ],
            "colmap_im_id": 37
        },
        {
            "file_path": "images/frame_00036.jpg",
            "transform_matrix": [
                [
                    -0.2141860017627324,
                    0.5515962071303953,
                    -0.8061426554452116,
                    -4.079219427315752
                ],
                [
                    -0.7823133409423678,
                    -0.5910551520658577,
                    -0.19656969196698815,
                    2.4834585488764933
                ],
                [
                    -0.5849018663267246,
                    0.5885536776673539,
                    0.5581168114935677,
                    2.1224998519954577
                ],
                [
                    0.0,
                    0.0,
                    0.0,
                    1.0
                ]
            ],
            "colmap_im_id": 36
        },
        {
            "file_path": "images/frame_00035.jpg",
            "transform_matrix": [
                [
                    -0.47029789401060224,
                    0.49649844932150416,
                    -0.7295952170282737,
                    -3.856786332497442
                ],
                [
                    -0.7080028044873745,
                    -0.7058041061324273,
                    -0.023928907300952977,
                    3.4217105131011762
                ],
                [
                    -0.5268319653620162,
                    0.5053017450869793,
                    0.6834604792413739,
                    2.805170841737964
                ],
                [
                    0.0,
                    0.0,
                    0.0,
                    1.0
                ]
            ],
            "colmap_im_id": 35
        },
        {
            "file_path": "images/frame_00034.jpg",
            "transform_matrix": [
                [
                    -0.4950197951259892,
                    0.5608353809268092,
                    -0.6636407747675729,
                    -3.6547734251486537
                ],
                [
                    -0.6948532109825485,
                    -0.7140905904393925,
                    -0.08516832646683754,
                    2.831773673415063
                ],
                [
                    -0.5216650435103595,
                    0.4189729157673573,
                    0.7431872430503188,
                    3.3201094944975384
                ],
                [
                    0.0,
                    0.0,
                    0.0,
                    1.0
                ]
            ],
            "colmap_im_id": 34
        },
        {
            "file_path": "images/frame_00033.jpg",
            "transform_matrix": [
                [
                    -0.48196616426119876,
                    0.6303866853656342,
                    -0.6085402562042018,
                    -3.4218086579873184
                ],
                [
                    -0.6905380690869191,
                    -0.7007874236676214,
                    -0.1790367615072575,
                    2.4147610337299725
                ],
                [
                    -0.5393197489885345,
                    0.33393055227550894,
                    0.7730618310380595,
                    3.6619705844395973
                ],
                [
                    0.0,
                    0.0,
                    0.0,
                    1.0
                ]
            ],
            "colmap_im_id": 33
        },
        {
            "file_path": "images/frame_00032.jpg",
            "transform_matrix": [
                [
                    -0.4862302224981774,
                    0.7374033182430263,
                    -0.4688459416200026,
                    -3.067318346872477
                ],
                [
                    -0.6931059996834644,
                    -0.652201665026999,
                    -0.3069805553105861,
                    2.0052011484276124
                ],
                [
                    -0.53215058388783,
                    0.17569671135278672,
                    0.828218824760496,
                    3.950806987496727
                ],
                [
                    0.0,
                    0.0,
                    0.0,
                    1.0
                ]
            ],
            "colmap_im_id": 32
        },
        {
            "file_path": "images/frame_00031.jpg",
            "transform_matrix": [
                [
                    -0.3762622166463212,
                    0.7855217688654681,
                    -0.49130672187836444,
                    -2.9117099445380403
                ],
                [
                    -0.7352993734381392,
                    -0.5757951604591308,
                    -0.35748393616122753,
                    1.6827846897785497
                ],
                [
                    -0.56370344663296,
                    0.2267498265276313,
                    0.7942436278773736,
                    3.705131150198003
                ],
                [
                    0.0,
                    0.0,
                    0.0,
                    1.0
                ]
            ],
            "colmap_im_id": 31
        },
        {
            "file_path": "images/frame_00030.jpg",
            "transform_matrix": [
                [
                    -0.24936425016256386,
                    0.8215917431662315,
                    -0.5126445925804112,
                    -2.738843730348381
                ],
                [
                    -0.7652727074265289,
                    -0.49157891922153807,
                    -0.4155813391444027,
                    1.1533464464944476
                ],
                [
                    -0.5934434716204509,
                    0.2886817862942828,
                    0.7513239462795056,
                    3.228979157730542
                ],
                [
                    0.0,
                    0.0,
                    0.0,
                    1.0
                ]
            ],
            "colmap_im_id": 30
        },
        {
            "file_path": "images/frame_00013.jpg",
            "transform_matrix": [
                [
                    -0.23559781122018233,
                    -0.7944940634427318,
                    0.5597078295883634,
                    3.9410077847343152
                ],
                [
                    0.7932943274818989,
                    -0.489906458260416,
                    -0.3614910401929451,
                    1.7659966987971667
                ],
                [
                    0.5614069658752926,
                    0.35884654841448876,
                    0.7456885230159482,
                    3.2915800483344606
                ],
                [
                    0.0,
                    0.0,
                    0.0,
                    1.0
                ]
            ],
            "colmap_im_id": 13
        },
        {
            "file_path": "images/frame_00012.jpg",
            "transform_matrix": [
                [
                    -0.25048789042076436,
                    -0.6668730142444544,
                    0.7018092330719726,
                    4.288848528414546
                ],
                [
                    0.7692247677493574,
                    -0.5772613633866577,
                    -0.273975500769546,
                    2.1440879556965537
                ],
                [
                    0.5878342227477925,
                    0.4712214990994072,
                    0.6575722206366429,
                    2.7779240158079284
                ],
                [
                    0.0,
                    0.0,
                    0.0,
                    1.0
                ]
            ],
            "colmap_im_id": 12
        },
        {
            "file_path": "images/frame_00011.jpg",
            "transform_matrix": [
                [
                    -0.26168421072049775,
                    -0.555609040251111,
                    0.7891894374931968,
                    4.602878937812092
                ],
                [
                    0.7537873342051241,
                    -0.6283186620245753,
                    -0.19240663643330813,
                    2.3901865305758627
                ],
                [
                    0.6027653180563074,
                    0.544531223478403,
                    0.5832321304640131,
                    2.4573421427810325
                ],
                [
                    0.0,
                    0.0,
                    0.0,
                    1.0
                ]
            ],
            "colmap_im_id": 11
        },
        {
            "file_path": "images/frame_00010.jpg",
            "transform_matrix": [
                [
                    -0.25612853091157245,
                    -0.5562843838109957,
                    0.7905351731460788,
                    4.587685556292658
                ],
                [
                    0.7550461179708008,
                    -0.6257792187037325,
                    -0.19571849472078418,
                    2.839750800267669
                ],
                [
                    0.6035756252453399,
                    0.5467614230782628,
                    0.5803002764458499,
                    1.86250816002132
                ],
                [
                    0.0,
                    0.0,
                    0.0,
                    1.0
                ]
            ],
            "colmap_im_id": 10
        },
        {
            "file_path": "images/frame_00009.jpg",
            "transform_matrix": [
                [
                    -0.13862062582321202,
                    -0.5738959806456502,
                    0.8071107269112147,
                    4.6509794472882735
                ],
                [
                    0.7805491850770544,
                    -0.5649092976011926,
                    -0.26761998273535903,
                    2.248355217600336
                ],
                [
                    0.6095303862580831,
                    0.5928919706679247,
                    0.5262621203787873,
                    1.4135104628466744
                ],
                [
                    0.0,
                    0.0,
                    0.0,
                    1.0
                ]
            ],
            "colmap_im_id": 9
        },
        {
            "file_path": "images/frame_00008.jpg",
            "transform_matrix": [
                [
                    -0.06798741945204562,
                    -0.5764819686698132,
                    0.8142765197368935,
                    4.532637619805812
                ],
                [
                    0.7912924977709477,
                    -0.5282472769992761,
                    -0.3079139446570494,
                    1.768425805229527
                ],
                [
                    0.6076461912722452,
                    0.6233966266683084,
                    0.4920800261044006,
                    1.0556497103901203
                ],
                [
                    0.0,
                    0.0,
                    0.0,
                    1.0
                ]
            ],
            "colmap_im_id": 8
        },
        {
            "file_path": "images/frame_00007.jpg",
            "transform_matrix": [
                [
                    0.08299624240899205,
                    -0.5789880651380864,
                    0.8111007608020376,
                    4.139658917316
                ],
                [
                    0.809264765330597,
                    -0.43581062843031054,
                    -0.39390307912174577,
                    1.5570591371121487
                ],
                [
                    0.581551513918073,
                    0.6890877422903656,
                    0.4323839961015721,
                    0.9322637725014479
                ],
                [
                    0.0,
                    0.0,
                    0.0,
                    1.0
                ]
            ],
            "colmap_im_id": 7
        },
        {
            "file_path": "images/frame_00006.jpg",
            "transform_matrix": [
                [
                    0.20440737259694508,
                    -0.569899592295603,
                    0.795884464435208,
                    4.074618453591803
                ],
                [
                    0.7941045464168515,
                    -0.3788695759423043,
                    -0.4752428997737731,
                    0.8944923126954835
                ],
                [
                    0.5723771443620884,
                    0.7291586241186504,
                    0.3751161226677638,
                    0.4655638183195789
                ],
                [
                    0.0,
                    0.0,
                    0.0,
                    1.0
                ]
            ],
            "colmap_im_id": 6
        },
        {
            "file_path": "images/frame_00005.jpg",
            "transform_matrix": [
                [
                    0.40845205332462853,
                    -0.5341742246755323,
                    0.7401518883494038,
                    3.7416395339183497
                ],
                [
                    0.7333644645404969,
                    -0.2907347079389642,
                    -0.6145322544414372,
                    0.2761652945854591
                ],
                [
                    0.5434551336440985,
                    0.7938080544388165,
                    0.27299320582010095,
                    0.02636094552621431
                ],
                [
                    0.0,
                    0.0,
                    0.0,
                    1.0
                ]
            ],
            "colmap_im_id": 5
        },
        {
            "file_path": "images/frame_00004.jpg",
            "transform_matrix": [
                [
                    0.6538656388184534,
                    -0.4761279201919213,
                    0.5880152463892842,
                    3.144217457888818
                ],
                [
                    0.5889567842909323,
                    -0.16757362701226877,
                    -0.790600395754794,
                    -0.45914913481867226
                ],
                [
                    0.47496276970960527,
                    0.8632620014478039,
                    0.1708481321118615,
                    -0.46559868706509405
                ],
                [
                    0.0,
                    0.0,
                    0.0,
                    1.0
                ]
            ],
            "colmap_im_id": 4
        },
        {
            "file_path": "images/frame_00003.jpg",
            "transform_matrix": [
                [
                    0.9060997372680425,
                    -0.25980096792781127,
                    0.3338962760896814,
                    2.0211414717156417
                ],
                [
                    0.33477216272480637,
                    -0.042250659603826866,
                    -0.941351411975144,
                    -1.2101178437941604
                ],
                [
                    0.2586713458954048,
                    0.9647374455398806,
                    0.048690820344762464,
                    -0.9931865202073734
                ],
                [
                    0.0,
                    0.0,
                    0.0,
                    1.0
                ]
            ],
            "colmap_im_id": 3
        },
        {
            "file_path": "images/frame_00002.jpg",
            "transform_matrix": [
                [
                    0.9866337429807793,
                    -0.10583130197156315,
                    0.1239096151827674,
                    1.1593139532695065
                ],
                [
                    0.1234458694693426,
                    -0.010946917861182957,
                    -0.9922909262410387,
                    -1.5665734509327367
                ],
                [
                    0.10637186903827402,
                    0.9943238408649085,
                    0.0022638385454700925,
                    -1.237204072398895
                ],
                [
                    0.0,
                    0.0,
                    0.0,
                    1.0
                ]
            ],
            "colmap_im_id": 2
        },
        {
            "file_path": "images/frame_00073.jpg",
            "transform_matrix": [
                [
                    0.29467132823198716,
                    0.6126795966381668,
                    -0.7333433849032052,
                    -2.6590259826110345
                ],
                [
                    -0.7305815805299807,
                    -0.3502300610997618,
                    -0.586165043731177,
                    0.46048531099055695
                ],
                [
                    -0.6159702610583666,
                    0.7084932012132159,
                    0.344409670779346,
                    0.3020515334490263
                ],
                [
                    0.0,
                    0.0,
                    0.0,
                    1.0
                ]
            ],
            "colmap_im_id": 73
        },
        {
            "file_path": "images/frame_00014.jpg",
            "transform_matrix": [
                [
                    -0.10297328926321324,
                    -0.8111212331630072,
                    0.5757419967402362,
                    4.013505636166829
                ],
                [
                    0.8162568915838034,
                    -0.39968832919579367,
                    -0.41710181784142375,
                    1.3462288715407043
                ],
                [
                    0.5684374975670224,
                    0.4270030264726421,
                    0.7032405184166681,
                    2.9699508558044103
                ],
                [
                    0.0,
                    0.0,
                    0.0,
                    1.0
                ]
            ],
            "colmap_im_id": 14
        },
        {
            "file_path": "images/frame_00074.jpg",
            "transform_matrix": [
                [
                    0.47972098913202005,
                    0.6574417222727743,
                    -0.5810663941420158,
                    -1.9132772242685054
                ],
                [
                    -0.6631437751180397,
                    -0.16198095685268515,
                    -0.730754748967999,
                    -0.0919663264016456
                ],
                [
                    -0.5745503512385933,
                    0.7358889531934127,
                    0.35827272078615235,
                    0.31923211358811593
                ],
                [
                    0.0,
                    0.0,
                    0.0,
                    1.0
