{
    "w": 3072,
    "h": 4096,
    "fl_x": 2870.1466474248514,
    "fl_y": 2871.12395874767,
    "cx": 1526.9523000026315,
    "cy": 2058.9012446257025,
    "k1": 0.016941698110866762,
    "k2": -0.047624483263268236,
    "p1": 0.0004597245802480796,
    "p2": 0.00020235411779870492,
    "camera_model": "OPENCV",
    "frames": [
        {
            "file_path": "images/frame_00059.jpg",
            "transform_matrix": [
                [
                    0.9570640885806504,
                    -0.28924906367483555,
                    0.0190606797496843,
                    -0.6006110776505832
                ],
                [
                    0.2762194411877821,
                    0.8900551749339838,
                    -0.3626356379110397,
                    1.587671934087551
                ],
                [
                    0.08792696207192927,
                    0.352330476593309,
                    0.9317360595170366,
                    3.183479002595093
                ],
                [
                    0.0,
                    0.0,
                    0.0,
                    1.0
                ]
            ],
            "colmap_im_id": 59
        },
        {
            "file_path": "images/frame_00058.jpg",
            "transform_matrix": [
                [
                    0.8625318838034021,
                    -0.5054335223561965,
                    0.02399383048124757,
                    -0.6894934425912206
                ],
                [
                    0.4842257328848721,
                    0.8107210289131859,
                    -0.32902409165599744,
                    2.218898610138988
                ],
                [
                    0.14684750265041335,
                    0.29541219974224814,
                    0.944016654095034,
                    3.2953101147818145
                ],
                [
                    0.0,
                    0.0,
                    0.0,
                    1.0
                ]
            ],
            "colmap_im_id": 58
        },
        {
            "file_path": "images/frame_00057.jpg",
            "transform_matrix": [
                [
                    0.8750679124814644,
                    -0.4827961101873826,
                    0.034118389957100134,
                    -0.39408754191897694
                ],
                [
                    0.458721706498641,
                    0.804817973704485,
                    -0.376619735528001,
                    2.014742354073087
                ],
                [
                    0.15437144986138684,
                    0.3452186918319161,
                    0.9257394397332078,
                    3.0601126480001515
                ],
                [
                    0.0,
                    0.0,
                    0.0,
                    1.0
                ]
            ],
            "colmap_im_id": 57
        },
        {
            "file_path": "images/frame_00056.jpg",
            "transform_matrix": [
                [
                    0.8740953376284134,
                    -0.48403215143724837,
                    0.04086828980148913,
                    -0.23008104458000075
                ],
                [
                    0.45271991878939327,
                    0.7812664048423191,
                    -0.4297295426149828,
                    1.6162522814946008
                ],
                [
                    0.17607389320281133,
                    0.3941264784809387,
                    0.90203231820851,
                    2.785859129533133
                ],
                [
                    0.0,
                    0.0,
                    0.0,
                    1.0
                ]
            ],
            "colmap_im_id": 56
        },
        {
            "file_path": "images/frame_00055.jpg",
            "transform_matrix": [
                [
                    0.8708750232729409,
                    -0.48789244583078123,
                    0.059478190461825085,
                    -0.11498930989800875
                ],
                [
                    0.4437776275289395,
                    0.7285130218533861,
                    -0.5218526557322802,
                    0.960732334921708
                ],
                [
                    0.21127733230079548,
                    0.4808635339587586,
                    0.8509595469612836,
                    2.5443837547206827
                ],
                [
                    0.0,
                    0.0,
                    0.0,
                    1.0
                ]
            ],
            "colmap_im_id": 55
        },
        {
            "file_path": "images/frame_00054.jpg",
            "transform_matrix": [
                [
                    0.8654270181106579,
                    -0.49689316170666403,
                    0.06429045164913358,
                    -0.04220512644438222
                ],
                [
                    0.43353813790359974,
                    0.6783288862049643,
                    -0.5932239080844698,
                    0.42510920177293965
                ],
                [
                    0.25115883282730467,
                    0.5412643605384406,
                    0.8024662813500256,
                    2.2386314792030086
                ],
                [
                    0.0,
                    0.0,
                    0.0,
                    1.0
                ]
            ],
            "colmap_im_id": 54
        },
        {
            "file_path": "images/frame_00053.jpg",
            "transform_matrix": [
                [
                    0.8581422180449865,
                    -0.5078198921242085,
                    0.07557043583166691,
                    0.06561833124834442
                ],
                [
                    0.41556187797809063,
                    0.6005874983704916,
                    -0.6830834373430505,
                    -0.14398036323004418
                ],
                [
                    0.3014966984564728,
                    0.6175869282651893,
                    0.726420076027511,
                    1.721691514806756
                ],
                [
                    0.0,
                    0.0,
                    0.0,
                    1.0
                ]
            ],
            "colmap_im_id": 53
        },
        {
            "file_path": "images/frame_00052.jpg",
            "transform_matrix": [
                [
                    0.7482724489502633,
                    -0.6187825627048513,
                    0.23915786049049842,
                    0.9265992059763903
                ],
                [
                    0.5837937081080103,
                    0.4429881544330466,
                    -0.6804016471213914,
                    -0.16528180432695788
                ],
                [
                    0.31507657563753466,
                    0.6487446609602426,
                    0.6927171979676157,
                    1.3345555991986897
                ],
                [
                    0.0,
                    0.0,
                    0.0,
                    1.0
                ]
            ],
            "colmap_im_id": 52
        },
        {
            "file_path": "images/frame_00051.jpg",
            "transform_matrix": [
                [
                    0.7076135963460036,
                    -0.5944075647806291,
                    0.38205057937115766,
                    1.709028036976191
                ],
                [
                    0.6395401728635974,
                    0.30886234049967154,
                    -0.7039832540015883,
                    -0.21848278083429748
                ],
                [
                    0.3004519355235958,
                    0.7424848157050937,
                    0.5987027082680502,
                    0.9312884524481873
                ],
                [
                    0.0,
                    0.0,
                    0.0,
                    1.0
                ]
            ],
            "colmap_im_id": 51
        },
        {
            "file_path": "images/frame_00050.jpg",
            "transform_matrix": [
                [
                    0.6540572585047081,
                    -0.5341413992205561,
                    0.5356324002858796,
                    2.403395322031589
                ],
                [
                    0.70609888184563,
                    0.1770953558339224,
                    -0.6856103879014731,
                    -0.2681958021733113
                ],
                [
                    0.27135488138903535,
                    0.8266378896353368,
                    0.4929871476677456,
                    0.42431187624919553
                ],
                [
                    0.0,
                    0.0,
                    0.0,
                    1.0
                ]
            ],
            "colmap_im_id": 50
        },
        {
            "file_path": "images/frame_00049.jpg",
            "transform_matrix": [
                [
                    0.5577550580253919,
                    -0.43693183215224407,
                    0.7056910579702528,
                    3.1551726225910772
                ],
                [
                    0.7934907665542236,
                    0.03128708373083541,
                    -0.6077775265545856,
                    0.12110234195984491
                ],
                [
                    0.24347833299963717,
                    0.8989503281292592,
                    0.364151903628163,
                    -0.26065705891068447
                ],
                [
                    0.0,
                    0.0,
                    0.0,
                    1.0
                ]
            ],
            "colmap_im_id": 49
        },
        {
            "file_path": "images/frame_00048.jpg",
            "transform_matrix": [
                [
                    0.5001171771116791,
                    -0.3024438999635501,
                    0.8114249789923178,
                    3.9173749897167776
                ],
                [
                    0.8363718987106823,
                    -0.07413625540456015,
                    -0.5431260099476715,
                    0.25293984036854483
                ],
                [
                    0.2244211581044299,
                    0.9502796972520396,
                    0.21587876409141898,
                    -0.8563696381428955
                ],
                [
                    0.0,
                    0.0,
                    0.0,
                    1.0
                ]
            ],
            "colmap_im_id": 48
        },
        {
            "file_path": "images/frame_00047.jpg",
            "transform_matrix": [
                [
                    0.39985159093277317,
                    -0.1312096929492058,
                    0.9071398578525282,
                    4.258076115525203
                ],
                [
                    0.8788782249866323,
                    -0.22604731825163074,
                    -0.4200900802870643,
                    0.7891609262064959
                ],
                [
                    0.26017642259220236,
                    0.9652391550219154,
                    0.024931962211237602,
                    -2.126966590428525
                ],
                [
                    0.0,
                    0.0,
                    0.0,
                    1.0
                ]
            ],
            "colmap_im_id": 47
        },
        {
            "file_path": "images/frame_00046.jpg",
            "transform_matrix": [
                [
                    0.47220707394128514,
                    -0.13767339197943282,
                    0.8706701536521663,
                    4.205172000205718
                ],
                [
                    0.8380572386674033,
                    -0.23609685628942967,
                    -0.4918519484229122,
                    0.49082723854832544
                ],
                [
                    0.2732774122333865,
                    0.9619273941369618,
                    0.0038915770450907924,
                    -2.4369963570607145
                ],
                [
                    0.0,
                    0.0,
                    0.0,
                    1.0
                ]
            ],
            "colmap_im_id": 46
        },
        {
            "file_path": "images/frame_00045.jpg",
            "transform_matrix": [
                [
                    0.5353142613504778,
                    -0.12622394749711136,
                    0.8351683403201049,
                    3.871100218996306
                ],
                [
                    0.7951606562223391,
                    -0.25818120626717556,
                    -0.5486911658906906,
                    0.22514972891921944
                ],
                [
                    0.28488273445551504,
                    0.957815211723364,
                    -0.03783976480471131,
                    -2.775235273298084
                ],
                [
                    0.0,
                    0.0,
                    0.0,
                    1.0
                ]
            ],
            "colmap_im_id": 45
        },
        {
            "file_path": "images/frame_00044.jpg",
            "transform_matrix": [
                [
                    0.6565210758190607,
                    -0.12531994873620506,
                    0.7438245676596987,
                    3.2675665034771137
                ],
                [
                    0.6994756360514032,
                    -0.2679520044979426,
                    -0.6625221187673807,
                    -0.45259071042403715
                ],
                [
                    0.28233652185976205,
                    0.9552468967415123,
                    -0.08825788740867672,
                    -2.769708908685376
                ],
                [
                    0.0,
                    0.0,
                    0.0,
                    1.0
                ]
            ],
            "colmap_im_id": 44
        },
        {
            "file_path": "images/frame_00043.jpg",
            "transform_matrix": [
                [
                    0.8266786340013041,
                    -0.06767235690583463,
                    0.5585900895975034,
                    2.3528737616808777
                ],
                [
                    0.5228030491242913,
                    -0.27466656182474347,
                    -0.8069914817652774,
                    -0.9990919975886817
                ],
                [
                    0.2080370349531099,
                    0.9591552178485939,
                    -0.19168166360331604,
                    -3.231523671905353
                ],
                [
                    0.0,
                    0.0,
                    0.0,
                    1.0
                ]
            ],
            "colmap_im_id": 43
        },
        {
            "file_path": "images/frame_00042.jpg",
            "transform_matrix": [
                [
                    0.8536382056847912,
                    0.008344407963712502,
                    0.5207995628367834,
                    2.3641167929214486
                ],
                [
                    0.5083337257539369,
                    -0.23136317680611593,
                    -0.8294985857006044,
                    -1.0719119276989761
                ],
                [
                    0.11357216673274631,
                    0.9728316664633799,
                    -0.20174219109971075,
                    -3.1419949669596106
                ],
                [
                    0.0,
                    0.0,
                    0.0,
                    1.0
                ]
            ],
            "colmap_im_id": 42
        },
        {
            "file_path": "images/frame_00041.jpg",
            "transform_matrix": [
                [
                    0.9283556550614979,
                    0.011304513849650692,
                    0.3715211779723469,
                    1.5941803635632354
                ],
                [
                    0.3645563377823573,
                    -0.22262232458778422,
                    -0.904178067184693,
                    -1.2394827181700623
                ],
                [
                    0.07248761479075604,
                    0.9748392219036708,
                    -0.2107938261434444,
                    -3.3510681700870792
                ],
                [
                    0.0,
                    0.0,
                    0.0,
                    1.0
                ]
            ],
            "colmap_im_id": 41
        },
        {
            "file_path": "images/frame_00040.jpg",
            "transform_matrix": [
                [
                    0.9714895829083057,
                    0.06241560887966706,
                    0.22871878381284372,
                    1.0186144212834656
                ],
                [
                    0.2368397286955705,
                    -0.21187410039941706,
                    -0.9481647053604908,
                    -1.4747065639703014
                ],
                [
                    -0.010720690838490133,
                    0.9753018288448546,
                    -0.22061597729953136,
                    -3.3949740047493835
                ],
                [
                    0.0,
                    0.0,
                    0.0,
                    1.0
                ]
            ],
            "colmap_im_id": 40
        },
        {
            "file_path": "images/frame_00039.jpg",
            "transform_matrix": [
                [
                    0.9937395188444555,
                    0.09020659036355812,
                    0.06591312268259843,
                    0.3063773970574563
                ],
                [
                    0.08577435505687253,
                    -0.23798932277983242,
                    -0.9674729155161783,
                    -1.5725498332200765
                ],
                [
                    -0.0715858135482696,
                    0.967069725147974,
                    -0.2442368072196622,
                    -3.4336767218870725
                ],
                [
                    0.0,
                    0.0,
                    0.0,
                    1.0
                ]
            ],
            "colmap_im_id": 39
        },
        {
            "file_path": "images/frame_00038.jpg",
            "transform_matrix": [
                [
                    0.9907200391607779,
                    0.13136512078771792,
                    -0.03488565673303273,
                    -0.27790286390402835
                ],
                [
                    -0.004790186492182779,
                    -0.22276041085745044,
                    -0.9748614534732563,
                    -1.6444126592546233
                ],
                [
                    -0.13583393581368694,
                    0.965981886163011,
                    -0.22006393954102302,
                    -3.3356507779026026
                ],
                [
                    0.0,
                    0.0,
                    0.0,
                    1.0
                ]
            ],
            "colmap_im_id": 38
        },
        {
            "file_path": "images/frame_00037.jpg",
            "transform_matrix": [
                [
                    0.9733404516452832,
                    0.14635891374466217,
                    -0.17659964201107242,
                    -1.0005990111013334
                ],
                [
                    -0.14735411752517893,
                    -0.19102103305154103,
                    -0.9704626365709799,
                    -1.6088541152763998
                ],
                [
                    -0.17577010337179688,
                    0.9706132253886738,
                    -0.16436191000734704,
                    -3.0700348693601676
                ],
                [
                    0.0,
                    0.0,
                    0.0,
                    1.0
                ]
            ],
            "colmap_im_id": 37
        },
        {
            "file_path": "images/frame_00036.jpg",
            "transform_matrix": [
                [
                    0.8914608303880586,
                    0.263316838273786,
                    -0.36873002395428794,
                    -1.9599644773849634
                ],
                [
                    -0.3164992551030605,
                    -0.22045933192288125,
                    -0.9226190462413643,
                    -1.7111125627803592
                ],
                [
                    -0.3242311049283224,
                    0.9391815190098308,
                    -0.11319127593302196,
                    -2.7161588963043073
                ],
                [
                    0.0,
                    0.0,
                    0.0,
                    1.0
                ]
            ],
            "colmap_im_id": 36
        },
        {
            "file_path": "images/frame_00035.jpg",
            "transform_matrix": [
                [
                    0.8194986752212596,
                    0.29169174396846675,
                    -0.4932928621125944,
                    -2.570006367650625
                ],
                [
                    -0.4496402967769775,
                    -0.20641024687348952,
                    -0.8690330336068571,
                    -1.2826355324872771
                ],
                [
                    -0.3553104625885822,
                    0.9339757686826032,
                    -0.0379965615395423,
                    -2.34980039852282
                ],
                [
                    0.0,
                    0.0,
                    0.0,
                    1.0
                ]
            ],
            "colmap_im_id": 35
        },
        {
            "file_path": "images/frame_00034.jpg",
            "transform_matrix": [
                [
                    0.6653325487586463,
                    0.36764925013707694,
                    -0.649743509729777,
                    -3.1945964392268946
                ],
                [
                    -0.6261019122298606,
                    -0.19923450223035316,
                    -0.7538580825481249,
                    -0.6295558000912271
                ],
                [
                    -0.40660668349700757,
                    0.908371973364804,
                    0.0976286993711172,
                    -1.7527238846484683
                ],
                [
                    0.0,
                    0.0,
                    0.0,
                    1.0
                ]
            ],
            "colmap_im_id": 34
        },
        {
            "file_path": "images/frame_00033.jpg",
            "transform_matrix": [
                [
                    -0.11317800050316194,
                    0.3905572632988548,
                    -0.9135949673058713,
                    -4.8530853750847305
                ],
                [
                    -0.9103070277155229,
                    -0.4092373765722006,
                    -0.06217624070361618,
                    2.799821472844849
                ],
                [
                    -0.3981605900812353,
                    0.8246149366224286,
                    0.4018436895178903,
                    0.0707269259984852
                ],
                [
                    0.0,
                    0.0,
                    0.0,
                    1.0
                ]
            ],
            "colmap_im_id": 33
        },
        {
            "file_path": "images/frame_00032.jpg",
            "transform_matrix": [
                [
                    -0.2608515081070102,
                    0.41841049192840685,
                    -0.8699937648986508,
                    -4.3278429940238645
                ],
                [
                    -0.9152483455684259,
                    -0.39381736856706606,
                    0.0850196809519546,
                    3.7902508708158713
                ],
                [
                    -0.3070455286314377,
                    0.818437865973429,
                    0.4856773650153984,
                    0.7332378986887617
                ],
                [
                    0.0,
                    0.0,
                    0.0,
                    1.0
                ]
            ],
            "colmap_im_id": 32
        },
        {
            "file_path": "images/frame_00031.jpg",
            "transform_matrix": [
                [
                    -0.28307082923161275,
                    0.638285989589972,
                    -0.7158644432651183,
                    -3.749885104042179
                ],
                [
                    -0.9232487469691056,
                    -0.38350583534631266,
                    0.02313061770258889,
                    3.3541640082899784
                ],
                [
                    -0.259774242098988,
                    0.667468553377968,
                    0.6978560549235202,
                    1.919977036039757
                ],
                [
                    0.0,
                    0.0,
                    0.0,
                    1.0
                ]
            ],
            "colmap_im_id": 31
        },
        {
            "file_path": "images/frame_00030.jpg",
            "transform_matrix": [
                [
                    -0.29404355995313053,
                    0.7115136468694343,
                    -0.6381901873020687,
                    -3.402039437074171
                ],
                [
                    -0.927012693085808,
                    -0.37491897738472824,
                    0.009122897269441854,
                    3.2863131525392912
                ],
                [
                    -0.2327785464940643,
                    0.5942929334220189,
                    0.7698246927559307,
                    2.404689994857446
                ],
                [
                    0.0,
                    0.0,
                    0.0,
                    1.0
                ]
            ],
            "colmap_im_id": 30
        },
        {
            "file_path": "images/frame_00013.jpg",
            "transform_matrix": [
                [
                    -0.027554139632133032,
                    -0.32827724986232965,
                    0.9441794408966756,
                    4.707497513206509
                ],
                [
                    0.9417930096363633,
                    -0.3251246031413766,
                    -0.08555652770095142,
                    2.817158303289296
                ],
                [
                    0.335062227637217,
                    0.8868641607681461,
                    0.31812774785579107,
                    -0.3015927562353246
                ],
                [
                    0.0,
                    0.0,
                    0.0,
                    1.0
                ]
            ],
            "colmap_im_id": 13
        },
        {
            "file_path": "images/frame_00012.jpg",
            "transform_matrix": [
                [
                    0.06257438592908791,
                    -0.32263801383115703,
                    0.9444517765649453,
                    4.8762339599406594
                ],
                [
                    0.931980597955391,
                    -0.31966829475051695,
                    -0.17095129822849128,
                    2.3541448931434745
                ],
                [
                    0.35706667621091054,
                    0.8909079039734594,
                    0.2806893218084899,
                    -0.5302414202906336
                ],
                [
                    0.0,
                    0.0,
                    0.0,
                    1.0
                ]
            ],
            "colmap_im_id": 12
        },
        {
            "file_path": "images/frame_00011.jpg",
            "transform_matrix": [
                [
                    0.16626225254369695,
                    -0.32383443007738194,
                    0.9313904258019573,
                    4.792227491152833
                ],
                [
                    0.931613111456725,
                    -0.2579913927486014,
                    -0.2560028355888963,
                    1.8375032014828658
                ],
                [
                    0.32319324550648376,
                    0.9102591406649505,
                    0.2587941709059373,
                    -0.62801125715349
                ],
                [
                    0.0,
                    0.0,
                    0.0,
                    1.0
                ]
            ],
            "colmap_im_id": 11
        },
        {
            "file_path": "images/frame_00064.jpg",
            "transform_matrix": [
                [
                    0.8946193265030491,
                    0.35206841511762554,
                    -0.2751437655550164,
                    -1.961522988797345
                ],
                [
                    -0.41554334106765883,
                    0.4291803621944686,
                    -0.801952584883266,
                    -1.1209775152507426
                ],
                [
                    -0.1642558746028827,
                    0.831776440988315,
                    0.5302527320771236,
                    0.9014696621994385
                ],
                [
                    0.0,
                    0.0,
                    0.0,
                    1.0
                ]
            ],
            "colmap_im_id": 64
        },
        {
            "file_path": "images/frame_00005.jpg",
            "transform_matrix": [
                [
                    0.7729396676591312,
                    -0.1710987099177035,
                    0.6109742233707484,
                    2.83932116692001
                ],
                [
                    0.6176296075372283,
                    -0.017547285531523977,
                    -0.7862733371187685,
                    -0.803762156847184
                ],
                [
                    0.1452512927735965,
                    0.9850976216776552,
                    0.09211263600954125,
                    -1.7565921798197166
                ],
                [
                    0.0,
                    0.0,
                    0.0,
                    1.0
                ]
            ],
            "colmap_im_id": 5
        },
        {
            "file_path": "images/frame_00065.jpg",
            "transform_matrix": [
                [
                    0.8392073322960366,
                    0.23494309180575848,
                    -0.4904414307879385,
                    -3.078590677455002
                ],
                [
                    -0.5200896003698392,
                    0.08328628545849451,
                    -0.8500412944331979,
                    -1.7077538982551324
                ],
                [
                    -0.1588642848714278,
                    0.9684343747860653,
                    0.19208592016338083,
                    -0.7900137156922338
                ],
                [
                    0.0,
                    0.0,
                    0.0,
                    1.0
                ]
            ],
            "colmap_im_id": 65
        },
        {
            "file_path": "images/frame_00006.jpg",
            "transform_matrix": [
                [
                    0.6788705497062583,
                    -0.1968828876895938,
                    0.7073697090464992,
                    3.196822741252775
                ],
                [
                    0.7130465614966417,
                    -0.05311391114978897,
                    -0.6991019336121075,
                    -0.34383937715145274
                ],
                [
                    0.17521237935527825,
                    0.9789872527144463,
                    0.10432919602528787,
                    -1.720936165751622
                ],
                [
                    0.0,
                    0.0,
                    0.0,
                    1.0
                ]
            ],
            "colmap_im_id": 6
        },
        {
            "file_path": "images/frame_00066.jpg",
            "transform_matrix": [
                [
                    0.8152757024374795,
                    0.2398428364486138,
                    -0.5270682525246212,
                    -3.0721449418896936
                ],
                [
                    -0.5272998868432837,
                    -0.06870255979578471,
                    -0.846897152913249,
                    -1.533693397148047
                ],
                [
                    -0.23933315347050155,
                    0.9683777011485707,
                    0.07045757282276487,
                    -1.7256920253601282
                ],
                [
                    0.0,
                    0.0,
                    0.0,
                    1.0
                ]
            ],
            "colmap_im_id": 66
        },
        {
            "file_path": "images/frame_00007.jpg",
            "transform_matrix": [
                [
                    0.605124162419101,
                    -0.19638113911750107,
                    0.7715304247114915,
                    3.6153255503802346
                ],
                [
                    0.774560184090349,
                    -0.07883839923696409,
                    -0.6275675485775835,
                    -0.051683181710283715
                ],
                [
                    0.18406865370971262,
                    0.9773530349902566,
                    0.10440199096199351,
                    -1.6248023048524916
                ],
                [
                    0.0,
                    0.0,
                    0.0,
                    1.0
                ]
            ],
            "colmap_im_id": 7
        },
        {
            "file_path": "images/frame_00067.jpg",
            "transform_matrix": [
                [
                    0.8015993857775124,
                    0.17190037444678113,
                    -0.5726156529349956,
                    -3.2057582810596035
                ],
                [
                    -0.5530269900293521,
                    -0.15070637824035427,
                    -0.8194197555934017,
                    -1.27448877954187
                ],
                [
                    -0.2271553939931645,
                    0.9735182837639629,
                    -0.025740593564999456,
                    -2.3668637663521688
                ],
                [
                    0.0,
                    0.0,
                    0.0,
                    1.0
                ]
            ],
            "colmap_im_id": 67
        },
        {
            "file_path": "images/frame_00008.jpg",
            "transform_matrix": [
                [
                    0.5192273356676103,
                    -0.20314807419004086,
                    0.8301408518127461,
                    3.976327453852671
                ],
                [
                    0.8300253632823057,
                    -0.11155718527064189,
                    -0.5464548386852911,
                    0.3318115751695912
                ],
                [
                    0.20361942491714935,
                    0.9727722520545954,
                    0.11069451399703618,
                    -1.5749214124619286
                ],
                [
                    0.0,
                    0.0,
                    0.0,
                    1.0
                ]
            ],
            "colmap_im_id": 8
        },
        {
            "file_path": "images/frame_00068.jpg",
            "transform_matrix": [
                [
                    0.8149655191743334,
                    0.08115039195340967,
                    -0.5737994566420547,
                    -3.1650260355569926
                ],
                [
                    -0.539721769144616,
                    -0.2542698257724626,
                    -0.8025255557382875,
                    -1.1695665250216223
                ],
                [
                    -0.21102515126949895,
                    0.9637227140559931,
                    -0.16342250745914894,
                    -3.0218142766552876
                ],
                [
                    0.0,
                    0.0,
                    0.0,
                    1.0
                ]
            ],
            "colmap_im_id": 68
        },
        {
            "file_path": "images/frame_00009.jpg",
            "transform_matrix": [
                [
                    0.32582230416468666,
                    -0.32837064278317163,
                    0.8865734865576459,
                    4.347889465364462
                ],
                [
                    0.884851802286422,
                    -0.2243605887347424,
                    -0.40828864080827637,
                    0.8708507983649291
                ],
                [
                    0.33298215282396787,
                    0.9175156931523113,
                    0.2174576710993412,
                    -0.9567191262902407
                ],
                [
                    0.0,
                    0.0,
                    0.0,
                    1.0
                ]
            ],
            "colmap_im_id": 9
        },
        {
            "file_path": "images/frame_00069.jpg",
            "transform_matrix": [
                [
                    0.7642307295945322,
                    0.018556428666644233,
                    -0.6446759270350868,
                    -3.5854422057194717
                ],
                [
                    -0.6043041182907806,
                    -0.3286124853064101,
                    -0.7258308116341898,
                    -0.8238161699094162
                ],
                [
                    -0.22531738628035616,
                    0.9442825284076182,
                    -0.23992203313556806,
                    -3.459125215346146
                ],
                [
                    0.0,
                    0.0,
                    0.0,
                    1.0
                ]
            ],
            "colmap_im_id": 69
        },
        {
            "file_path": "images/frame_00010.jpg",
            "transform_matrix": [
                [
                    0.2586496044342106,
                    -0.3173178687497626,
                    0.9123649227683707,
                    4.608253896226636
                ],
                [
                    0.9112343354712353,
                    -0.23327596667018377,
                    -0.33946179347960137,
                    1.3293892392275903
                ],
                [
                    0.32055010214367846,
                    0.9191799027101278,
                    0.22881420076008738,
                    -0.7787671070267788
                ],
                [
                    0.0,
                    0.0,
                    0.0,
                    1.0
                ]
