{
    "w": 3072,
    "h": 4096,
    "fl_x": 2874.1979365371267,
    "fl_y": 2874.3229277130854,
    "cx": 1528.57473593777,
    "cy": 2056.702474866047,
    "k1": 0.01677125003878053,
    "k2": -0.04382371756719544,
    "p1": -0.00011461199756087927,
    "p2": 0.0005542210580305573,
    "camera_model": "OPENCV",
    "frames": [
        {
            "file_path": "images/frame_00059.jpg",
            "transform_matrix": [
                [
                    0.9828149862170078,
                    0.1730269443603464,
                    -0.06431469033264824,
                    -0.027290124294592998
                ],
                [
                    -0.18063306142416016,
                    0.9732518608167251,
                    -0.14195954542516342,
                    2.0306351123900988
                ],
                [
                    0.03803156567640133,
                    0.1511373280897377,
                    0.987780900842944,
                    2.5248725830603083
                ],
                [
                    0.0,
                    0.0,
                    0.0,
                    1.0
                ]
            ],
            "colmap_im_id": 59
        },
        {
            "file_path": "images/frame_00058.jpg",
            "transform_matrix": [
                [
                    0.9827297265755351,
                    0.17121006660853944,
                    -0.07020966882611965,
                    0.00785773989331765
                ],
                [
                    -0.1795881572161056,
                    0.9739010280056374,
                    -0.13879798787189515,
                    2.0920441258774716
                ],
                [
                    0.04461365589701479,
                    0.14900973371381782,
                    0.9878287913226869,
                    2.492416769584433
                ],
                [
                    0.0,
                    0.0,
                    0.0,
                    1.0
                ]
            ],
            "colmap_im_id": 58
        },
        {
            "file_path": "images/frame_00057.jpg",
            "transform_matrix": [
                [
                    0.9828534286269799,
                    0.16720759297141716,
                    -0.07772231783017702,
                    -0.04430712864795632
                ],
                [
                    -0.1808057890252487,
                    0.9566444294221584,
                    -0.2283433868333168,
                    1.6688849802577816
                ],
                [
                    0.036171874310677275,
                    0.23848072565357856,
                    0.9704733582126792,
                    2.4743518219695204
                ],
                [
                    0.0,
                    0.0,
                    0.0,
                    1.0
                ]
            ],
            "colmap_im_id": 57
        },
        {
            "file_path": "images/frame_00056.jpg",
            "transform_matrix": [
                [
                    0.9825167689602815,
                    0.16376499124782345,
                    -0.08855408716399858,
                    -0.1269787319400631
                ],
                [
                    -0.18410315778225847,
                    0.9253896711852652,
                    -0.33130044334142966,
                    1.0404917894378323
                ],
                [
                    0.027691623398594697,
                    0.3418113282283478,
                    0.9393605217850723,
                    2.4719969226996525
                ],
                [
                    0.0,
                    0.0,
                    0.0,
                    1.0
                ]
            ],
            "colmap_im_id": 56
        },
        {
            "file_path": "images/frame_00055.jpg",
            "transform_matrix": [
                [
                    0.9835127775769938,
                    0.15356926802652818,
                    -0.09549395928844341,
                    -0.17584752901283565
                ],
                [
                    -0.18016493900167224,
                    0.8776326125540619,
                    -0.444186438487326,
                    0.7515498037442707
                ],
                [
                    0.015595226747638758,
                    0.4540677012289331,
                    0.89083068627173,
                    2.2371615811370904
                ],
                [
                    0.0,
                    0.0,
                    0.0,
                    1.0
                ]
            ],
            "colmap_im_id": 55
        },
        {
            "file_path": "images/frame_00054.jpg",
            "transform_matrix": [
                [
                    0.986138129062875,
                    0.13101941362513583,
                    -0.10181111757415129,
                    -0.2636564921410055
                ],
                [
                    -0.16546811297339775,
                    0.8221025331169157,
                    -0.5447639200899539,
                    0.016339070040046956
                ],
                [
                    0.012324528282857733,
                    0.5540589664431723,
                    0.8323861890411978,
                    2.0782376319052216
                ],
                [
                    0.0,
                    0.0,
                    0.0,
                    1.0
                ]
            ],
            "colmap_im_id": 54
        },
        {
            "file_path": "images/frame_00053.jpg",
            "transform_matrix": [
                [
                    0.9880963784281813,
                    0.13038774677322892,
                    -0.08163689379510157,
                    -0.06452868971927186
                ],
                [
                    -0.15289572024589854,
                    0.7737799417496851,
                    -0.6147255489048273,
                    -0.23813749934766534
                ],
                [
                    -0.016983688280237833,
                    0.6198900202755757,
                    0.7845048865973657,
                    1.726675682919239
                ],
                [
                    0.0,
                    0.0,
                    0.0,
                    1.0
                ]
            ],
            "colmap_im_id": 53
        },
        {
            "file_path": "images/frame_00052.jpg",
            "transform_matrix": [
                [
                    0.9918390341978268,
                    0.12142336765123618,
                    -0.03888053535838405,
                    0.07420491916559646
                ],
                [
                    -0.11365037406519828,
                    0.7038024573372752,
                    -0.7012458153321509,
                    -0.553011317650858
                ],
                [
                    -0.057783412121147106,
                    0.6999417596016437,
                    0.7118585607052796,
                    1.1357498398215125
                ],
                [
                    0.0,
                    0.0,
                    0.0,
                    1.0
                ]
            ],
            "colmap_im_id": 52
        },
        {
            "file_path": "images/frame_00051.jpg",
            "transform_matrix": [
                [
                    0.994219030199112,
                    0.1048213445687031,
                    -0.02325952950398186,
                    0.08089122608723152
                ],
                [
                    -0.08526605231607151,
                    0.6391307929702161,
                    -0.7643569387398114,
                    -0.9628930506334837
                ],
                [
                    -0.06525504051313077,
                    0.7619214626193912,
                    0.6443736994070736,
                    0.7560668638470263
                ],
                [
                    0.0,
                    0.0,
                    0.0,
                    1.0
                ]
            ],
            "colmap_im_id": 51
        },
        {
            "file_path": "images/frame_00050.jpg",
            "transform_matrix": [
                [
                    0.9986680616508344,
                    0.051330927751961616,
                    0.005219051129057257,
                    0.12058099678252644
                ],
                [
                    -0.021521180598629498,
                    0.5063542806989911,
                    -0.8620569477728536,
                    -1.4728584155205724
                ],
                [
                    -0.04689287178458994,
                    0.8607964209230484,
                    0.5067845501807092,
                    0.2279882088302148
                ],
                [
                    0.0,
                    0.0,
                    0.0,
                    1.0
                ]
            ],
            "colmap_im_id": 50
        },
        {
            "file_path": "images/frame_00049.jpg",
            "transform_matrix": [
                [
                    0.998811598829211,
                    0.04812427712542539,
                    0.007709993215991393,
                    0.2436583183895412
                ],
                [
                    0.002061979528268849,
                    0.11632601027386717,
                    -0.9932089445701691,
                    -1.6518830818044705
                ],
                [
                    -0.048694335242000945,
                    0.9920445117457782,
                    0.11608853703281916,
                    -1.9061925989515558
                ],
                [
                    0.0,
                    0.0,
                    0.0,
                    1.0
                ]
            ],
            "colmap_im_id": 49
        },
        {
            "file_path": "images/frame_00048.jpg",
            "transform_matrix": [
                [
                    0.9997617042366311,
                    -0.004122292400479193,
                    0.021436917857566424,
                    0.40902672821004354
                ],
                [
                    0.02082769044806217,
                    -0.11397204330098124,
                    -0.9932656143531793,
                    -1.7618956405736923
                ],
                [
                    0.0065377406240075455,
                    0.9934754048546769,
                    -0.11385902641586652,
                    -2.509419803698936
                ],
                [
                    0.0,
                    0.0,
                    0.0,
                    1.0
                ]
            ],
            "colmap_im_id": 48
        },
        {
            "file_path": "images/frame_00047.jpg",
            "transform_matrix": [
                [
                    0.9975672283770323,
                    -0.024238965528733378,
                    -0.06536128378683066,
                    -0.030939450798452436
                ],
                [
                    -0.06802932008606773,
                    -0.13379132773000646,
                    -0.9886717818532446,
                    -1.793446885014861
                ],
                [
                    0.01521960829959438,
                    0.9907130528938938,
                    -0.13511480432901507,
                    -2.5691846113266497
                ],
                [
                    0.0,
                    0.0,
                    0.0,
                    1.0
                ]
            ],
            "colmap_im_id": 47
        },
        {
            "file_path": "images/frame_00046.jpg",
            "transform_matrix": [
                [
                    0.947050596322089,
                    0.06918603014455096,
                    -0.3135418014217765,
                    -1.0772009870700452
                ],
                [
                    -0.30640312836756867,
                    -0.09716851037470055,
                    -0.9469294606876105,
                    -2.0165081864280534
                ],
                [
                    -0.09598067999625062,
                    0.992860299248791,
                    -0.07082467961846588,
                    -2.2188643425383647
                ],
                [
                    0.0,
                    0.0,
                    0.0,
                    1.0
                ]
            ],
            "colmap_im_id": 46
        },
        {
            "file_path": "images/frame_00045.jpg",
            "transform_matrix": [
                [
                    0.9065702939851729,
                    0.09590664173289229,
                    -0.41101364713979494,
                    -1.5196547471144168
                ],
                [
                    -0.404395933735654,
                    -0.0813589849243889,
                    -0.9109580914345848,
                    -1.6434860772791815
                ],
                [
                    -0.12080658443026072,
                    0.9920597923732178,
                    -0.034973382946214646,
                    -2.0961452568958037
                ],
                [
                    0.0,
                    0.0,
                    0.0,
                    1.0
                ]
            ],
            "colmap_im_id": 45
        },
        {
            "file_path": "images/frame_00044.jpg",
            "transform_matrix": [
                [
                    0.744233129778825,
                    0.18543489698099253,
                    -0.6416626430775464,
                    -2.7331698774431734
                ],
                [
                    -0.6292379774926554,
                    -0.12753199873266577,
                    -0.7666780008453374,
                    -1.3218232069213598
                ],
                [
                    -0.2240013754881131,
                    0.9743456718644058,
                    0.021769140969117747,
                    -1.8210260681211758
                ],
                [
                    0.0,
                    0.0,
                    0.0,
                    1.0
                ]
            ],
            "colmap_im_id": 44
        },
        {
            "file_path": "images/frame_00043.jpg",
            "transform_matrix": [
                [
                    0.42878237830268146,
                    0.2934539288396698,
                    -0.8544182018810568,
                    -3.5683048206730303
                ],
                [
                    -0.8580636742841754,
                    -0.1635796620678959,
                    -0.48679402731719484,
                    -0.08420674259946594
                ],
                [
                    -0.2826170605802788,
                    0.9418739224579451,
                    0.18166207986987257,
                    -1.1764201756147254
                ],
                [
                    0.0,
                    0.0,
                    0.0,
                    1.0
                ]
            ],
            "colmap_im_id": 43
        },
        {
            "file_path": "images/frame_00042.jpg",
            "transform_matrix": [
                [
                    0.41587182834146885,
                    0.27170268770498274,
                    -0.8678872460670293,
                    -3.7231629779955324
                ],
                [
                    -0.8784840104622724,
                    -0.12678710416750735,
                    -0.4606418061563013,
                    0.0864122112482882
                ],
                [
                    -0.23519452747469624,
                    0.9539930186907587,
                    0.18595928192819008,
                    -1.048909420467931
                ],
                [
                    0.0,
                    0.0,
                    0.0,
                    1.0
                ]
            ],
            "colmap_im_id": 42
        },
        {
            "file_path": "images/frame_00041.jpg",
            "transform_matrix": [
                [
                    0.10262235154797458,
                    0.2709798600378314,
                    -0.957099037935281,
                    -4.0733054609540424
                ],
                [
                    -0.9612716906117695,
                    -0.22039999705446522,
                    -0.16547077725925313,
                    1.3755086913835917
                ],
                [
                    -0.255783873203831,
                    0.9370132105537622,
                    0.23786730220141117,
                    -0.8031344240742199
                ],
                [
                    0.0,
                    0.0,
                    0.0,
                    1.0
                ]
            ],
            "colmap_im_id": 41
        },
        {
            "file_path": "images/frame_00040.jpg",
            "transform_matrix": [
                [
                    -0.20273787470736498,
                    0.33739813714493083,
                    -0.9192713697327201,
                    -3.8371856375892213
                ],
                [
                    -0.9524129147937406,
                    -0.2861463698970766,
                    0.10502330564601646,
                    2.7739024049655
                ],
                [
                    -0.2276114977175626,
                    0.8968181265149896,
                    0.37935505013234244,
                    -0.2548613435672697
                ],
                [
                    0.0,
                    0.0,
                    0.0,
                    1.0
                ]
            ],
            "colmap_im_id": 40
        },
        {
            "file_path": "images/frame_00039.jpg",
            "transform_matrix": [
                [
                    -0.3280401932426727,
                    0.33612572647340205,
                    -0.8828415076445124,
                    -3.633748093048673
                ],
                [
                    -0.9235143785111309,
                    -0.3107550136966559,
                    0.2248388626229671,
                    3.321334078794202
                ],
                [
                    -0.1987732987614486,
                    0.8890730101994541,
                    0.4123570761298671,
                    0.0642953942377079
                ],
                [
                    0.0,
                    0.0,
                    0.0,
                    1.0
                ]
            ],
            "colmap_im_id": 39
        },
        {
            "file_path": "images/frame_00038.jpg",
            "transform_matrix": [
                [
                    -0.3707617197547296,
                    0.47953565680663673,
                    -0.7953497978974668,
                    -3.0611877070946654
                ],
                [
                    -0.9040212409317524,
                    -0.38256366831082816,
                    0.190763297394377,
                    3.2014953192938576
                ],
                [
                    -0.21279413316331816,
                    0.78974083947811,
                    0.5753503831159599,
                    0.6900373853709922
                ],
                [
                    0.0,
                    0.0,
                    0.0,
                    1.0
                ]
            ],
            "colmap_im_id": 38
        },
        {
            "file_path": "images/frame_00037.jpg",
            "transform_matrix": [
                [
                    -0.3249474432200467,
                    0.5663126607388205,
                    -0.7574292900539777,
                    -2.795567659878804
                ],
                [
                    -0.9249672257045571,
                    -0.35721519193927675,
                    0.12974181292166845,
                    2.853824824234863
                ],
                [
                    -0.1970908179423135,
                    0.7427565394762293,
                    0.6398968139849788,
                    1.1879622201614028
                ],
                [
                    0.0,
                    0.0,
                    0.0,
                    1.0
                ]
            ],
            "colmap_im_id": 37
        },
        {
            "file_path": "images/frame_00036.jpg",
            "transform_matrix": [
                [
                    -0.31356723119394503,
                    0.6811816951317698,
                    -0.6615641236787042,
                    -2.4229036562094075
                ],
                [
                    -0.9388461870876699,
                    -0.3267926777630213,
                    0.10850982790244489,
                    2.9218183514982043
                ],
                [
                    -0.14227940297986644,
                    0.655132081322448,
                    0.7419963123289831,
                    1.530221606151976
                ],
                [
                    0.0,
                    0.0,
                    0.0,
                    1.0
                ]
            ],
            "colmap_im_id": 36
        },
        {
            "file_path": "images/frame_00035.jpg",
            "transform_matrix": [
                [
                    -0.3329217381211918,
                    0.7676586687160364,
                    -0.5475977397976424,
                    -2.0880149267359647
                ],
                [
                    -0.9322228020518218,
                    -0.3553112748291471,
                    0.06866254666071851,
                    2.708021421064488
                ],
                [
                    -0.14185825186083972,
                    0.5333423537695171,
                    0.8339197623600111,
                    2.036582696651163
                ],
                [
                    0.0,
                    0.0,
                    0.0,
                    1.0
                ]
            ],
            "colmap_im_id": 35
        },
        {
            "file_path": "images/frame_00034.jpg",
            "transform_matrix": [
                [
                    -0.35905669849816413,
                    0.8174616885471975,
                    -0.45037170761623563,
                    -1.7555607600263814
                ],
                [
                    -0.9236518204504048,
                    -0.38049172959881983,
                    0.04575323251478509,
                    2.5934838229645734
                ],
                [
                    -0.1339611952852469,
                    0.4324146522314707,
                    0.891668081010689,
                    2.4315915996544084
                ],
                [
                    0.0,
                    0.0,
                    0.0,
                    1.0
                ]
            ],
            "colmap_im_id": 34
        },
        {
            "file_path": "images/frame_00033.jpg",
            "transform_matrix": [
                [
                    -0.33897142453162243,
                    0.8797903787386588,
                    -0.3332675544212041,
                    -1.3051141002433755
                ],
                [
                    -0.9324571410240173,
                    -0.36124281311461887,
                    -0.005225909141256492,
                    2.3671354831167157
                ],
                [
                    -0.12498821346158503,
                    0.30898627712557725,
                    0.94281781222236,
                    2.7712794644968493
                ],
                [
                    0.0,
                    0.0,
                    0.0,
                    1.0
                ]
            ],
            "colmap_im_id": 33
        },
        {
            "file_path": "images/frame_00032.jpg",
            "transform_matrix": [
                [
                    -0.27892210051333965,
                    0.8967841398616295,
                    -0.34348314127168356,
                    -1.3857992381662063
                ],
                [
                    -0.9424900373475661,
                    -0.32422784472089133,
                    -0.08117163425870248,
                    2.0046613419978647
                ],
                [
                    -0.18416023280233254,
                    0.30108887591587086,
                    0.9356444289653564,
                    2.6879008543408602
                ],
                [
                    0.0,
                    0.0,
                    0.0,
                    1.0
                ]
            ],
            "colmap_im_id": 32
        },
        {
            "file_path": "images/frame_00060.jpg",
            "transform_matrix": [
                [
                    0.9839435241188927,
                    0.1393610971876227,
                    -0.11150616994209836,
                    -0.2469579801483508
                ],
                [
                    -0.16980038811497616,
                    0.9233798493372795,
                    -0.34429272724509785,
                    0.7309834202319365
                ],
                [
                    0.05498153817871599,
                    0.357698390307429,
                    0.9322171914478822,
                    2.411963937248225
                ],
                [
                    0.0,
                    0.0,
                    0.0,
                    1.0
                ]
            ],
            "colmap_im_id": 60
        },
        {
            "file_path": "images/frame_00001.jpg",
            "transform_matrix": [
                [
                    0.9891114553102909,
                    0.02473364286579637,
                    -0.14507506982436896,
                    -0.37526290842752474
                ],
                [
                    -0.14356544467792617,
                    -0.054626041410905886,
                    -0.9881320552912972,
                    -2.0487899503925564
                ],
                [
                    -0.03236498213173634,
                    0.9982005021589405,
                    -0.050480346881248264,
                    -2.204868261819961
                ],
                [
                    0.0,
                    0.0,
                    0.0,
                    1.0
                ]
            ],
            "colmap_im_id": 1
        },
        {
            "file_path": "images/frame_00061.jpg",
            "transform_matrix": [
                [
                    0.9777795337113845,
                    0.1393667800202408,
                    -0.15660167330503638,
                    -0.5888711382359393
                ],
                [
                    -0.20792397418410627,
                    0.739994454248189,
                    -0.6396685302884704,
                    -0.8170365525527251
                ],
                [
                    0.026735826425129575,
                    0.6580160395527715,
                    0.7525291271948554,
                    1.909614999713475
                ],
                [
                    0.0,
                    0.0,
                    0.0,
                    1.0
                ]
            ],
            "colmap_im_id": 61
        },
        {
            "file_path": "images/frame_00002.jpg",
            "transform_matrix": [
                [
                    0.9997439263263862,
                    -0.015408530567842655,
                    0.01657283799598055,
                    0.33016216585478836
                ],
                [
                    0.01615354642096713,
                    -0.02694908380961818,
                    -0.9995062830317016,
                    -2.0918641867664576
                ],
                [
                    0.01584754591496167,
                    0.9995180458939008,
                    -0.026693280444919986,
                    -2.119017193195471
                ],
                [
                    0.0,
                    0.0,
                    0.0,
                    1.0
                ]
            ],
            "colmap_im_id": 2
        },
        {
            "file_path": "images/frame_00062.jpg",
            "transform_matrix": [
                [
                    0.9858145446741179,
                    0.11094035652589311,
                    -0.12594411777796358,
                    -0.4617044667260298
                ],
                [
                    -0.16752563820039065,
                    0.6046261702101007,
                    -0.778692721709031,
                    -1.6261488939765203
                ],
                [
                    -0.010239338577938056,
                    0.7887454796009764,
                    0.6146346267129053,
                    1.4126789225243621
                ],
                [
                    0.0,
                    0.0,
                    0.0,
                    1.0
                ]
            ],
            "colmap_im_id": 62
        },
        {
            "file_path": "images/frame_00003.jpg",
            "transform_matrix": [
                [
                    0.9809325667944825,
                    -0.062051566442577706,
                    0.18417628105706377,
                    1.0376526734023594
                ],
                [
                    0.18301234491140703,
                    -0.02399531262001824,
                    -0.9828177382314057,
                    -2.1238469161791245
                ],
                [
                    0.0654047476259666,
                    0.9977844597277963,
                    -0.012181580919308413,
                    -2.0683897372943054
                ],
                [
                    0.0,
                    0.0,
                    0.0,
                    1.0
                ]
            ],
            "colmap_im_id": 3
        },
        {
            "file_path": "images/frame_00063.jpg",
            "transform_matrix": [
                [
                    0.8811910383434144,
                    0.31080824994568473,
                    -0.3562310847033931,
                    -1.7424690833570413
                ],
                [
                    -0.47149529423569925,
                    0.5226866827469142,
                    -0.7102751714600606,
                    -1.1042343833380648
                ],
                [
                    -0.034562139066421166,
                    0.7938493959465658,
                    0.6071314479570513,
                    1.3044846943840405
                ],
                [
                    0.0,
                    0.0,
                    0.0,
                    1.0
                ]
            ],
            "colmap_im_id": 63
        },
        {
            "file_path": "images/frame_00004.jpg",
            "transform_matrix": [
                [
                    0.9285369657841014,
                    -0.10213587448483324,
                    0.35691366787456164,
                    1.650463629343456
                ],
                [
                    0.35344934742542633,
                    -0.05083486885762608,
                    -0.9340713971173554,
                    -1.9527854550017987
                ],
                [
                    0.1135458584757487,
                    0.9934707239025448,
                    -0.011102196699703259,
                    -1.9891745368548208
                ],
                [
                    0.0,
                    0.0,
                    0.0,
                    1.0
                ]
            ],
            "colmap_im_id": 4
        },
        {
            "file_path": "images/frame_00064.jpg",
            "transform_matrix": [
                [
                    0.7431266199598776,
                    0.35210739945325725,
                    -0.5690195128088948,
                    -2.5834670168949496
                ],
                [
                    -0.6691044002063681,
                    0.40102304320620064,
                    -0.6256834826348816,
                    -0.7603724779959539
                ],
                [
                    0.007882152718907253,
                    0.8456955114388998,
                    0.5336075089432437,
                    0.8864930373273131
                ],
                [
                    0.0,
                    0.0,
                    0.0,
                    1.0
                ]
            ],
            "colmap_im_id": 64
        },
        {
            "file_path": "images/frame_00005.jpg",
            "transform_matrix": [
                [
                    0.9046877553822009,
                    -0.11241414673826106,
                    0.4109782535300661,
                    2.0333360484633842
                ],
                [
                    0.41084702085666497,
                    -0.025413000929072217,
                    -0.9113500451730837,
                    -1.9996516213081943
                ],
                [
                    0.1128928284467959,
                    0.9933364178348079,
                    0.02319418652151046,
                    -1.8406693621334693
                ],
                [
                    0.0,
                    0.0,
                    0.0,
                    1.0
                ]
            ],
            "colmap_im_id": 5
        },
        {
            "file_path": "images/frame_00065.jpg",
            "transform_matrix": [
                [
                    0.6467880724234552,
                    0.2644949802500762,
                    -0.7153373992692279,
                    -3.3164073997600014
                ],
                [
                    -0.7488202949675129,
                    0.042300479640645636,
                    -0.6614218285382927,
                    -0.9692516680793577
                ],
                [
                    -0.14468363838222464,
                    0.9634589118611562,
                    0.22541865481764933,
                    -0.6771201489617124
                ],
                [
                    0.0,
                    0.0,
                    0.0,
                    1.0
                ]
            ],
            "colmap_im_id": 65
        },
        {
            "file_path": "images/frame_00006.jpg",
            "transform_matrix": [
                [
                    0.7615583002420767,
                    -0.19860470283055978,
                    0.616915818686783,
                    2.9694436137265376
                ],
                [
                    0.6164431071738066,
                    -0.07187154099756356,
                    -0.7841124773988347,
                    -1.5804313648360584
                ],
                [
                    0.2000671161143222,
                    0.9774408696224138,
                    0.06769413151431762,
                    -1.5715356133328744
                ],
                [
                    0.0,
                    0.0,
                    0.0,
                    1.0
                ]
            ],
            "colmap_im_id": 6
        },
        {
            "file_path": "images/frame_00066.jpg",
            "transform_matrix": [
                [
                    0.6720441384087106,
                    0.13878301034635454,
                    -0.7273898212579674,
                    -3.473912860466766
                ],
                [
                    -0.7297905276936077,
                    -0.042411221986117006,
                    -0.6823540678697021,
                    -1.0935835694485045
                ],
                [
                    -0.12554864284085163,
                    0.9894142531259837,
                    0.07278031321705294,
                    -1.3785529615051548
                ],
                [
                    0.0,
                    0.0,
                    0.0,
                    1.0
                ]
            ],
            "colmap_im_id": 66
        },
        {
            "file_path": "images/frame_00007.jpg",
            "transform_matrix": [
                [
                    0.5971296341892395,
                    -0.19533191750554246,
                    0.7779984845593416,
                    3.776970463088083
                ],
                [
                    0.7765894584334483,
                    -0.10209107582839341,
                    -0.6216801631757637,
                    -0.8180419662220214
                ],
                [
                    0.20086068062980333,
                    0.9754090702058338,
                    0.09073110126700186,
                    -1.4375952646955286
                ],
                [
                    0.0,
                    0.0,
                    0.0,
                    1.0
                ]
            ],
            "colmap_im_id": 7
        },
        {
            "file_path": "images/frame_00067.jpg",
            "transform_matrix": [
                [
                    0.6781675925638886,
                    0.07172524983991986,
                    -0.7313988001982915,
                    -3.3804378639413986
                ],
                [
                    -0.7245077223101674,
                    -0.10158360068489966,
                    -0.6817399301675262,
                    -1.0460191830928853
                ],
                [
                    -0.12319609047787333,
                    0.9922380060284388,
                    -0.0169252085268017,
                    -1.8549092186987381
                ],
                [
                    0.0,
                    0.0,
                    0.0,
                    1.0
                ]
            ],
            "colmap_im_id": 67
        },
        {
            "file_path": "images/frame_00008.jpg",
            "transform_matrix": [
                [
                    0.47357416229809,
                    -0.23272285631598558,
                    0.8494513434869545,
                    4.043618627698943
                ],
                [
                    0.8601745857630846,
                    -0.08506029603685193,
                    -0.502856269768439,
                    -0.2060794560779436
                ],
                [
                    0.1892807301628149,
                    0.9688161942217175,
                    0.159899928088725,
                    -1.144153515385064
                ],
                [
                    0.0,
                    0.0,
                    0.0,
                    1.0
                ]
            ],
            "colmap_im_id": 8
        },
        {
            "file_path": "images/frame_00068.jpg",
            "transform_matrix": [
                [
                    0.6909521119585884,
                    0.010755852422446952,
                    -0.7228205106515945,
                    -3.4702896986994847
                ],
                [
                    -0.7101243699704366,
                    -0.17705576836945208,
                    -0.6814503900220413,
                    -1.2831669073682037
                ],
                [
                    -0.13530912073491397,
                    0.984142045908907,
                    -0.11469906416433835,
                    -2.4222824307707445
                ],
                [
                    0.0,
