{
    "w": 3072,
    "h": 4096,
    "fl_x": 2934.1290020401275,
    "fl_y": 2935.9060489013114,
    "cx": 1517.3499021698804,
    "cy": 2049.1115081998005,
    "k1": 0.021335545378823435,
    "k2": -0.06592142031944105,
    "p1": -0.0026835380372413984,
    "p2": 0.0007824262207062508,
    "camera_model": "OPENCV",
    "frames": [
        {
            "file_path": "images/frame_00029.jpg",
            "transform_matrix": [
                [
                    0.9460302392453462,
                    0.2818014941120948,
                    -0.16004594449589732,
                    -3.3454992225347295
                ],
                [
                    -0.040273458530154405,
                    -0.38779400577755363,
                    -0.9208658195530002,
                    -2.7496987124046988
                ],
                [
                    -0.32156622175131017,
                    0.8776125152931614,
                    -0.3555157352767912,
                    -3.504736001696395
                ],
                [
                    0.0,
                    0.0,
                    0.0,
                    1.0
                ]
            ],
            "colmap_im_id": 29
        },
        {
            "file_path": "images/frame_00028.jpg",
            "transform_matrix": [
                [
                    0.9499463369194516,
                    0.25629223783040694,
                    -0.17865118471814695,
                    -3.7220543355505247
                ],
                [
                    -0.08982305351314679,
                    -0.32363785103977744,
                    -0.9419078301149901,
                    -2.6841687599327404
                ],
                [
                    -0.299221951118045,
                    0.9108088878586095,
                    -0.28441763969007494,
                    -1.7845492649045138
                ],
                [
                    0.0,
                    0.0,
                    0.0,
                    1.0
                ]
            ],
            "colmap_im_id": 28
        },
        {
            "file_path": "images/frame_00027.jpg",
            "transform_matrix": [
                [
                    0.9722790325573515,
                    0.20728093853122284,
                    -0.10820395265865304,
                    -3.4783654749398307
                ],
                [
                    -0.11842723267493828,
                    0.03752674749128088,
                    -0.9922533616892824,
                    -2.4966070121978006
                ],
                [
                    -0.20161466566273553,
                    0.9775614332328896,
                    0.06103417768236331,
                    -1.2892995121800326
                ],
                [
                    0.0,
                    0.0,
                    0.0,
                    1.0
                ]
            ],
            "colmap_im_id": 27
        },
        {
            "file_path": "images/frame_00026.jpg",
            "transform_matrix": [
                [
                    0.98823028420103,
                    0.13002964644396955,
                    -0.08058037250849458,
                    -2.7894383884294753
                ],
                [
                    -0.0854676124466085,
                    0.03244441811137367,
                    -0.9958125561349842,
                    -2.347319373541186
                ],
                [
                    -0.12687077130146174,
                    0.9909791374085888,
                    0.04317587995978257,
                    -1.1566250233970605
                ],
                [
                    0.0,
                    0.0,
                    0.0,
                    1.0
                ]
            ],
            "colmap_im_id": 26
        },
        {
            "file_path": "images/frame_00025.jpg",
            "transform_matrix": [
                [
                    0.9994611280847404,
                    -0.03213698612133511,
                    -0.006683380178871787,
                    -2.2897316237807894
                ],
                [
                    -0.006174115086857569,
                    0.015919904960926073,
                    -0.9998542078367872,
                    -2.352263585079347
                ],
                [
                    0.03223869957787472,
                    0.9993566784432234,
                    0.01571290872039116,
                    -1.2177142643873722
                ],
                [
                    0.0,
                    0.0,
                    0.0,
                    1.0
                ]
            ],
            "colmap_im_id": 25
        },
        {
            "file_path": "images/frame_00024.jpg",
            "transform_matrix": [
                [
                    0.9739729785005357,
                    -0.20679937819315428,
                    0.09279361147040034,
                    -1.764594923046655
                ],
                [
                    0.09324741838358702,
                    -0.007573369309737568,
                    -0.9956141637412027,
                    -2.0050327753109762
                ],
                [
                    0.20659515027122766,
                    0.9783540572084438,
                    0.011907251075953057,
                    -1.141617845989496
                ],
                [
                    0.0,
                    0.0,
                    0.0,
                    1.0
                ]
            ],
            "colmap_im_id": 24
        },
        {
            "file_path": "images/frame_00023.jpg",
            "transform_matrix": [
                [
                    0.9215946979994004,
                    -0.3461650800074135,
                    0.17559313768725435,
                    -1.5571420871746966
                ],
                [
                    0.16618130422168456,
                    -0.05694055776195015,
                    -0.9844498702366404,
                    -1.9665410026263652
                ],
                [
                    0.3507805392928376,
                    0.9364440774895311,
                    0.005050048337093874,
                    -1.0090163714194793
                ],
                [
                    0.0,
                    0.0,
                    0.0,
                    1.0
                ]
            ],
            "colmap_im_id": 23
        },
        {
            "file_path": "images/frame_00022.jpg",
            "transform_matrix": [
                [
                    0.8440925605488128,
                    -0.4717272816435365,
                    0.25491394818516505,
                    -1.3345842963381975
                ],
                [
                    0.22793564896747945,
                    -0.11463934429133353,
                    -0.9669039045687152,
                    -1.946967139247313
                ],
                [
                    0.48533811838338375,
                    0.8742603688224995,
                    0.010757246414575757,
                    -0.8957975111511097
                ],
                [
                    0.0,
                    0.0,
                    0.0,
                    1.0
                ]
            ],
            "colmap_im_id": 22
        },
        {
            "file_path": "images/frame_00021.jpg",
            "transform_matrix": [
                [
                    0.7685915672634963,
                    -0.554610606932987,
                    0.318863728587725,
                    -1.2501718687175103
                ],
                [
                    0.2740331185136798,
                    -0.1649678778285974,
                    -0.9474658037324601,
                    -2.021267260788836
                ],
                [
                    0.5780768570779408,
                    0.8155934489450934,
                    0.025188754410196527,
                    -1.0261680790021601
                ],
                [
                    0.0,
                    0.0,
                    0.0,
                    1.0
                ]
            ],
            "colmap_im_id": 21
        },
        {
            "file_path": "images/frame_00020.jpg",
            "transform_matrix": [
                [
                    0.5869129115753597,
                    -0.6894490448478565,
                    0.42449175349411933,
                    -0.7219382483516317
                ],
                [
                    0.33078458449759945,
                    -0.2743518925152297,
                    -0.902946619536317,
                    -1.8521896808607794
                ],
                [
                    0.7389958003161347,
                    0.6703663577713982,
                    0.06703844779994149,
                    -0.6807770679532436
                ],
                [
                    0.0,
                    0.0,
                    0.0,
                    1.0
                ]
            ],
            "colmap_im_id": 20
        },
        {
            "file_path": "images/frame_00019.jpg",
            "transform_matrix": [
                [
                    0.29927954585922933,
                    -0.7953105701275812,
                    0.5271744023315568,
                    -0.27642999268309754
                ],
                [
                    0.3565530017503637,
                    -0.4192575440132546,
                    -0.834920995502436,
                    -1.8500603756391338
                ],
                [
                    0.885043338132714,
                    0.4378403919595755,
                    0.15809516373243987,
                    -0.6244706483502991
                ],
                [
                    0.0,
                    0.0,
                    0.0,
                    1.0
                ]
            ],
            "colmap_im_id": 19
        },
        {
            "file_path": "images/frame_00018.jpg",
            "transform_matrix": [
                [
                    -0.009600725007562462,
                    -0.8134099714031052,
                    0.5816115924750208,
                    0.07458529675569843
                ],
                [
                    0.3412247665187865,
                    -0.549391130574805,
                    -0.7627155723858909,
                    -1.3333750530496762
                ],
                [
                    0.9399327022683749,
                    0.19113765737744598,
                    0.2828301807423196,
                    0.19472144351908083
                ],
                [
                    0.0,
                    0.0,
                    0.0,
                    1.0
                ]
            ],
            "colmap_im_id": 18
        },
        {
            "file_path": "images/frame_00017.jpg",
            "transform_matrix": [
                [
                    -0.1869917800866671,
                    -0.7869810637279925,
                    0.5879582293952317,
                    0.11929206501805917
                ],
                [
                    0.3119818839573376,
                    -0.6151046127334514,
                    -0.724095034837597,
                    -1.1486272630968641
                ],
                [
                    0.9315048997522496,
                    0.04803249657874555,
                    0.36054334137515726,
                    0.48468275980258607
                ],
                [
                    0.0,
                    0.0,
                    0.0,
                    1.0
                ]
            ],
            "colmap_im_id": 17
        },
        {
            "file_path": "images/frame_00016.jpg",
            "transform_matrix": [
                [
                    -0.4021696071976815,
                    -0.7081693594931803,
                    0.5803066131981249,
                    0.16817195563328122
                ],
                [
                    0.25706839690205724,
                    -0.6956675061996501,
                    -0.6707924866396204,
                    -0.8181161738300836
                ],
                [
                    0.8787351400511223,
                    -0.12059386009650723,
                    0.46182428968857386,
                    1.186679682497946
                ],
                [
                    0.0,
                    0.0,
                    0.0,
                    1.0
                ]
            ],
            "colmap_im_id": 16
        },
        {
            "file_path": "images/frame_00015.jpg",
            "transform_matrix": [
                [
                    -0.7399820024981072,
                    -0.4721030115897278,
                    0.47910894630219336,
                    -0.1806417888743083
                ],
                [
                    0.09401905313149626,
                    -0.7779008633520599,
                    -0.6213136602750466,
                    -0.38671929051755277
                ],
                [
                    0.6660233131258587,
                    -0.41471555703159607,
                    0.6200193167384587,
                    1.4824565872026967
                ],
                [
                    0.0,
                    0.0,
                    0.0,
                    1.0
                ]
            ],
            "colmap_im_id": 15
        },
        {
            "file_path": "images/frame_00014.jpg",
            "transform_matrix": [
                [
                    -0.9327293300772509,
                    -0.1437147782689094,
                    0.3306993488363093,
                    -0.7186805293068391
                ],
                [
                    -0.08889055751651281,
                    -0.7971863649049935,
                    -0.5971535551212651,
                    -0.11761314713402976
                ],
                [
                    0.34944880254200955,
                    -0.5863786849099131,
                    0.7307842173208686,
                    1.8452679517500448
                ],
                [
                    0.0,
                    0.0,
                    0.0,
                    1.0
                ]
            ],
            "colmap_im_id": 14
        },
        {
            "file_path": "images/frame_00001.jpg",
            "transform_matrix": [
                [
                    -0.10140437805557627,
                    -0.6194253064048797,
                    0.7784789283573345,
                    1.1442291932185442
                ],
                [
                    0.4076066556926472,
                    -0.7396860733783917,
                    -0.5354636561757605,
                    0.01585871858754402
                ],
                [
                    0.9075097610198023,
                    0.26301483348906063,
                    0.32748928382239284,
                    0.28439247077795893
                ],
                [
                    0.0,
                    0.0,
                    0.0,
                    1.0
                ]
            ],
            "colmap_im_id": 1
        },
        {
            "file_path": "images/frame_00002.jpg",
            "transform_matrix": [
                [
                    -0.23979255365444788,
                    -0.6010542357113989,
                    0.7623866059587247,
                    0.9715837870136208
                ],
                [
                    0.38925597261036815,
                    -0.7789359068997259,
                    -0.4916692391531704,
                    0.320158012316797
                ],
                [
                    0.8893701810826773,
                    0.17886491739770302,
                    0.420746981362051,
                    0.9742613855847618
                ],
                [
                    0.0,
                    0.0,
                    0.0,
                    1.0
                ]
            ],
            "colmap_im_id": 2
        },
        {
            "file_path": "images/frame_00003.jpg",
            "transform_matrix": [
                [
                    -0.40373264543857,
                    -0.5589210536090299,
                    0.7242977335597192,
                    0.7669863837913727
                ],
                [
                    0.33014426367093375,
                    -0.8273507598725629,
                    -0.45441774316532757,
                    0.7537566337900021
                ],
                [
                    0.8532319240232112,
                    0.05565946434223739,
                    0.5185530906828965,
                    1.5428303724442731
                ],
                [
                    0.0,
                    0.0,
                    0.0,
                    1.0
                ]
            ],
            "colmap_im_id": 3
        },
        {
            "file_path": "images/frame_00004.jpg",
            "transform_matrix": [
                [
                    -0.5489278924158291,
                    -0.4945389174735458,
                    0.6738764189612285,
                    0.5209345294733352
                ],
                [
                    0.2804621058524788,
                    -0.8684327623539029,
                    -0.4088588319348894,
                    0.9239149048603386
                ],
                [
                    0.7874129641482344,
                    -0.03543721736342301,
                    0.6154063921644206,
                    2.0957295073387585
                ],
                [
                    0.0,
                    0.0,
                    0.0,
                    1.0
                ]
            ],
            "colmap_im_id": 4
        },
        {
            "file_path": "images/frame_00005.jpg",
            "transform_matrix": [
                [
                    -0.7979756036829071,
                    -0.32390953932861566,
                    0.5082494921382833,
                    -0.26604272122908246
                ],
                [
                    0.14063472695288762,
                    -0.92009513769299,
                    -0.3655773668713696,
                    1.3005640907056888
                ],
                [
                    0.5860518829436399,
                    -0.2202442914711772,
                    0.779766402567187,
                    2.5598630064011245
                ],
                [
                    0.0,
                    0.0,
                    0.0,
                    1.0
                ]
            ],
            "colmap_im_id": 5
        },
        {
            "file_path": "images/frame_00006.jpg",
            "transform_matrix": [
                [
                    -0.9208597994491895,
                    -0.16760976404248126,
                    0.3520286874049075,
                    -0.800851030876104
                ],
                [
                    0.029178181551104784,
                    -0.9299765215259977,
                    -0.3664591425135632,
                    1.3341608047513676
                ],
                [
                    0.3888005445980871,
                    -0.3271859355290642,
                    0.8612685412298546,
                    2.3668521322099565
                ],
                [
                    0.0,
                    0.0,
                    0.0,
                    1.0
                ]
            ],
            "colmap_im_id": 6
        },
        {
            "file_path": "images/frame_00039.jpg",
            "transform_matrix": [
                [
                    -0.01577799788790429,
                    -0.4972041429264177,
                    0.8674901123583224,
                    1.0378056853293134
                ],
                [
                    0.47253047361185885,
                    -0.7683071528395289,
                    -0.4317627478184852,
                    0.5466048431874551
                ],
                [
                    0.8811730853191109,
                    0.40310316192312734,
                    0.24706645777356273,
                    0.2782188855660222
                ],
                [
                    0.0,
                    0.0,
                    0.0,
                    1.0
                ]
            ],
            "colmap_im_id": 39
        },
        {
            "file_path": "images/frame_00010.jpg",
            "transform_matrix": [
                [
                    -0.8954995596028363,
                    0.41809656962060543,
                    -0.1525640757931137,
                    -3.184548849170708
                ],
                [
                    -0.3318777189860183,
                    -0.8557053428131897,
                    -0.39702083814530276,
                    1.0165911180560072
                ],
                [
                    -0.29654294527397246,
                    -0.3048993682388386,
                    0.9050406934805716,
                    2.834532197662479
                ],
                [
                    0.0,
                    0.0,
                    0.0,
                    1.0
                ]
            ],
            "colmap_im_id": 10
        },
        {
            "file_path": "images/frame_00040.jpg",
            "transform_matrix": [
                [
                    0.015057320393795972,
                    -0.4675746108827531,
                    0.8838253562556346,
                    2.0613445664085113
                ],
                [
                    0.42205851926768934,
                    -0.798347314938112,
                    -0.429544143301561,
                    0.8631223741672744
                ],
                [
                    0.9064435357020993,
                    0.37949380494146195,
                    0.18532287660979163,
                    -0.6479150509327404
                ],
                [
                    0.0,
                    0.0,
                    0.0,
                    1.0
                ]
            ],
            "colmap_im_id": 40
        },
        {
            "file_path": "images/frame_00011.jpg",
            "transform_matrix": [
                [
                    -0.88967700290119,
                    0.45417179472546015,
                    -0.046934117490475116,
                    -2.332359428977301
                ],
                [
                    -0.3735630122525454,
                    -0.7831454476110002,
                    -0.49712562171243047,
                    0.3194811635104209
                ],
                [
                    -0.26253667626745014,
                    -0.4247483828833489,
                    0.8664082783840535,
                    3.0523805576890886
                ],
                [
                    0.0,
                    0.0,
                    0.0,
                    1.0
                ]
            ],
            "colmap_im_id": 11
        },
        {
            "file_path": "images/frame_00041.jpg",
            "transform_matrix": [
                [
                    -0.049491113074834225,
                    -0.2684903945735053,
                    0.9620101547012788,
                    2.649576900532995
                ],
                [
                    0.47428034380369294,
                    -0.8539832026539775,
                    -0.2139412187174479,
                    1.4438486561443062
                ],
                [
                    0.8789816751264306,
                    0.44567431786745265,
                    0.16960429589286785,
                    -0.26213808603466154
                ],
                [
                    0.0,
                    0.0,
                    0.0,
                    1.0
                ]
            ],
            "colmap_im_id": 41
        },
        {
            "file_path": "images/frame_00012.jpg",
            "transform_matrix": [
                [
                    -0.9120944806777419,
                    0.407321136838889,
                    0.046617054834839015,
                    -1.8189332244038912
                ],
                [
                    -0.3563955751522006,
                    -0.7315382134238894,
                    -0.5812349235141636,
                    -0.24455719650477764
                ],
                [
                    -0.20264711280729206,
                    -0.546755277784182,
                    0.8123994177041302,
                    2.389267487641027
                ],
                [
                    0.0,
                    0.0,
                    0.0,
                    1.0
                ]
            ],
            "colmap_im_id": 12
        },
        {
            "file_path": "images/frame_00042.jpg",
            "transform_matrix": [
                [
                    -0.03252217615838284,
                    -0.2917678448066186,
                    0.955936102882836,
                    2.527360488745542
                ],
                [
                    0.4970541686276508,
                    -0.8345007485573976,
                    -0.2377933012240209,
                    2.2574115262863925
                ],
                [
                    0.8671098324363518,
                    0.46741846924789354,
                    0.1721642038815213,
                    -0.09850894812062772
                ],
                [
                    0.0,
                    0.0,
                    0.0,
                    1.0
                ]
            ],
            "colmap_im_id": 42
        },
        {
            "file_path": "images/frame_00013.jpg",
            "transform_matrix": [
                [
                    -0.966127942084505,
                    0.18996949794522872,
                    0.17466650902218914,
                    -1.2355810119376063
                ],
                [
                    -0.25656508409913636,
                    -0.7799034107671216,
                    -0.5708984388619521,
                    -0.11644276036659965
                ],
                [
                    0.027769716324871508,
                    -0.5963742614535353,
                    0.8022260174857131,
                    2.3041678393089025
                ],
                [
                    0.0,
                    0.0,
                    0.0,
                    1.0
                ]
            ],
            "colmap_im_id": 13
        },
        {
            "file_path": "images/frame_00043.jpg",
            "transform_matrix": [
                [
                    -0.015190660201685463,
                    -0.13425792779786835,
                    0.9908299817153599,
                    2.7756259198302042
                ],
                [
                    0.4417975097323884,
                    -0.8898671723178225,
                    -0.11380411251507423,
                    2.1511585961584125
                ],
                [
                    0.8969861783979162,
                    0.43601745888726234,
                    0.07283248800224322,
                    -0.9182695309856672
                ],
                [
                    0.0,
                    0.0,
                    0.0,
                    1.0
                ]
            ],
            "colmap_im_id": 43
        },
        {
            "file_path": "images/frame_00044.jpg",
            "transform_matrix": [
                [
                    0.019004920751452634,
                    -0.05694270185074024,
                    0.9981965446209313,
                    3.888895993898061
                ],
                [
                    0.4222682938245356,
                    -0.9045069490887311,
                    -0.05963779909344017,
                    2.7893548997958524
                ],
                [
                    0.9062716485788047,
                    0.42264016344419075,
                    0.006855014669702727,
                    -1.257263542500109
                ],
                [
                    0.0,
                    0.0,
                    0.0,
                    1.0
                ]
            ],
            "colmap_im_id": 44
        },
        {
            "file_path": "images/frame_00045.jpg",
            "transform_matrix": [
                [
                    0.02845955520963753,
                    0.026752000115076873,
                    0.9992369009434714,
                    4.144188387096838
                ],
                [
                    0.42445667950489613,
                    -0.905366726652922,
                    0.012149793967450312,
                    3.459276671719009
                ],
                [
                    0.9050008734476158,
                    0.42378699928102603,
                    -0.0371213994811078,
                    -1.6000081230800334
                ],
                [
                    0.0,
                    0.0,
                    0.0,
                    1.0
                ]
            ],
            "colmap_im_id": 45
        },
        {
            "file_path": "images/frame_00046.jpg",
            "transform_matrix": [
                [
                    0.08137673333462977,
                    0.08796541356906255,
                    0.9927939933779861,
                    4.06895685403366
                ],
                [
                    0.40785984316204005,
                    -0.9118154720517647,
                    0.04735919406887582,
                    3.74206633436986
                ],
                [
                    0.909410894814671,
                    0.4010668659246749,
                    -0.11007812430150785,
                    -2.029268967242364
                ],
                [
                    0.0,
                    0.0,
                    0.0,
                    1.0
                ]
            ],
            "colmap_im_id": 46
        },
        {
            "file_path": "images/frame_00047.jpg",
            "transform_matrix": [
                [
                    -0.08235819399079433,
                    0.09509189836624664,
                    0.9920557740105524,
                    3.974912394733825
                ],
                [
                    0.38202376269848165,
                    -0.9163868195713664,
                    0.11955350956608718,
                    4.302704245200593
                ],
                [
                    0.9204754057639276,
                    0.38883509072739125,
                    0.03914459864085125,
                    -0.8086245709892165
                ],
                [
                    0.0,
                    0.0,
                    0.0,
                    1.0
                ]
            ],
            "colmap_im_id": 47
        },
        {
            "file_path": "images/frame_00048.jpg",
            "transform_matrix": [
                [
                    -0.3470944398647739,
                    0.11293913504212662,
                    0.9310049417650237,
                    3.421222231075728
                ],
                [
                    0.2982392124572972,
                    -0.9278949738900986,
                    0.22375050744600378,
                    4.909287711797108
                ],
                [
                    0.8891449949067978,
                    0.35532473767728223,
                    0.2883843075251506,
                    0.6369389549276614
                ],
                [
                    0.0,
                    0.0,
                    0.0,
                    1.0
                ]
            ],
            "colmap_im_id": 48
        },
        {
            "file_path": "images/frame_00049.jpg",
            "transform_matrix": [
                [
                    -0.4693809027975547,
                    0.13307324490598732,
                    0.8729106939310252,
                    3.8291548722703377
                ],
                [
                    0.23994275751054991,
                    -0.9321574730572181,
                    0.271127126163753,
                    5.556910722136611
                ],
                [
                    0.8497699931200128,
                    0.3367104942139064,
                    0.4056069549194648,
                    1.5790631470175451
                ],
                [
                    0.0,
                    0.0,
                    0.0,
                    1.0
                ]
            ],
            "colmap_im_id": 49
        },
        {
            "file_path": "images/frame_00050.jpg",
            "transform_matrix": [
                [
                    -0.4621555847765428,
                    0.12599304367728562,
                    0.8778029211644193,
                    3.9683216178981287
                ],
                [
                    0.25002820980995416,
                    -0.9311850710942727,
                    0.2652927772676547,
                    4.406419737598798
                ],
                [
                    0.8508220200248016,
                    0.34208203155981254,
                    0.3988505659076202,
                    2.180145237978895
                ],
                [
                    0.0,
                    0.0,
                    0.0,
                    1.0
                ]
            ],
            "colmap_im_id": 50
        },
        {
            "file_path": "images/frame_00051.jpg",
            "transform_matrix": [
                [
                    -0.5189842783179757,
                    -0.010150067168483434,
                    0.8547235196221323,
                    3.1214669116981253
                ],
                [
                    0.2777400189685927,
                    -0.9476757426110931,
                    0.1573885914856574,
                    3.3294982335307317
                ],
                [
                    0.8084032414099386,
                    0.31907313112041985,
                    0.4946478912063768,
                    2.3554023017985246
                ],
                [
                    0.0,
                    0.0,
                    0.0,
                    1.0
                ]
            ],
            "colmap_im_id": 51
        },
        {
            "file_path": "images/frame_00038.jpg",
            "transform_matrix": [
                [
                    0.13634385021414774,
                    -0.48476928901186916,
                    0.863949703940981,
                    1.1286038605074487
                ],
                [
                    0.4689767809632825,
                    -0.7365984354312212,
                    -0.48732281276130934,
                    0.22971891657772817
                ],
                [
                    0.8726231336757575,
                    0.47161581965748756,
                    0.1269148739222357,
                    -0.2956633927875457
                ],
                [
                    0.0,
                    0.0,
                    0.0,
                    1.0
                ]
            ],
            "colmap_im_id": 38
        },
        {
            "file_path": "images/frame_00009.jpg",
            "transform_matrix": [
                [
                    -0.9462313075589217,
                    0.3157123202581381,
                    -0.07051271823265082,
                    -2.7043920244141786
                ],
                [
                    -0.26958972433320394,
                    -0.8900812729386604,
                    -0.3675278330927354,
                    1.0685504954998284
                ],
                [
                    -0.17879511494803615,
                    -0.32875683780131115,
                    0.9273355641134452,
                    2.888132011381344
                ],
                [
                    0.0,
                    0.0,
                    0.0,
                    1.0
                ]
            ],
            "colmap_im_id": 9
        },
        {
            "file_path": "images/frame_00037.jpg",
            "transform_matrix": [
                [
                    0.16723080582074898,
                    -0.48633050835254826,
                    0.8576225826260019,
                    1.1759672797357419
                ],
                [
                    0.4675032940701098,
                    -0.7267438012966614,
                    -0.5032734021488464,
                    0.08516643425994098
                ],
                [
                    0.8680291052828459,
                    0.485104199036073,
                    0.10582716314553321,
                    -0.5668649550583781
                ],
                [
                    0.0,
                    0.0,
                    0.0,
                    1.0
                ]
            ],
            "colmap_im_id": 37
        },
        {
            "file_path": "images/frame_00008.jpg",
            "transform_matrix": [
                [
                    -0.9865119069573255,
                    0.14290100338041553,
                    0.07983458313469727,
                    -2.0352215854662914
                ],
                [
                    -0.1619150371828247,
                    -0.9235083842310727,
                    -0.3477294709813907,
                    1.2216762475596568
                ],
                [
                    0.02403701656830372,
                    -0.3559656830198432,
                    0.9341898384946772,
                    2.963045567973624
                ],
                [
                    0.0,
                    0.0,
                    0.0,
                    1.0
                ]
            ],
            "colmap_im_id": 8
        },
        {
            "file_path": "images/frame_00036.jpg",
            "transform_matrix": [
                [
                    0.2601355742510183,
                    -0.46437925704598,
                    0.8465703683891357,
                    1.3709731579443605
                ],
                [
                    0.4776129004073342,
                    -0.7001008529097564,
                    -0.5307963009663176,
                    -0.06286221493227352
                ],
                [
                    0.8391754288428535,
                    0.5424119296074298,
                    0.03967238644142612,
                    -0.8585315078512792
                ],
                [
                    0.0,
                    0.0,
                    0.0,
                    1.0
                ]
            ],
            "colmap_im_id": 36
        },
        {
            "file_path": "images/frame_00007.jpg",
            "transform_matrix": [
                [
                    -0.9708921063555279,
                    -0.03330844911712712,
                    0.23718993451227288,
                    -1.4124463442881898
                ],
                [
                    -0.05262686659283366,
                    -0.9364175474018206,
                    -0.3469187078129091,
                    1.400690532023667
                ],
                [
                    0.23366414087134693,
                    -0.34930319800335297,
                    0.9074074857171305,
                    2.9403345358608117
                ],
                [
                    0.0,
                    0.0,
                    0.0,
                    1.0
