{
    "w": 3072,
    "h": 4096,
    "fl_x": 2878.1540231847675,
    "fl_y": 2881.013338862435,
    "cx": 1526.309185173681,
    "cy": 2045.4463450658927,
    "k1": 0.03520235475991953,
    "k2": -0.06669725006781262,
    "p1": -0.0021688574271750516,
    "p2": 0.0007331500763768136,
    "camera_model": "OPENCV",
    "frames": [
        {
            "file_path": "images/frame_00059.jpg",
            "transform_matrix": [
                [
                    -0.30517594570774426,
                    -0.8402840491424265,
                    0.4480963723555375,
                    -0.30583704356146213
                ],
                [
                    0.2960738014052017,
                    -0.5309441142850297,
                    -0.7940016697888983,
                    0.9925308657122354
                ],
                [
                    0.9051010696507087,
                    -0.10964061411217048,
                    0.41081746488464793,
                    -0.42242152967826313
                ],
                [
                    0.0,
                    0.0,
                    0.0,
                    1.0
                ]
            ],
            "colmap_im_id": 59
        },
        {
            "file_path": "images/frame_00058.jpg",
            "transform_matrix": [
                [
                    -0.32383137883595126,
                    -0.862398850102669,
                    0.3891034071076732,
                    -0.4072434466213045
                ],
                [
                    0.30546289058358406,
                    -0.4845409665826145,
                    -0.819702674254212,
                    0.2521337459877709
                ],
                [
                    0.8954471846834556,
                    -0.146588795768227,
                    0.42034041489927343,
                    -0.2562920628995448
                ],
                [
                    0.0,
                    0.0,
                    0.0,
                    1.0
                ]
            ],
            "colmap_im_id": 58
        },
        {
            "file_path": "images/frame_00057.jpg",
            "transform_matrix": [
                [
                    -0.3368515786836467,
                    -0.8834933254677086,
                    0.325531193270853,
                    -0.5173964897678722
                ],
                [
                    0.3166508990919526,
                    -0.43189756764216275,
                    -0.8445097389426848,
                    -0.3238920963051809
                ],
                [
                    0.8867148482136713,
                    -0.1813946937448661,
                    0.4252443333409783,
                    -0.11631809896194958
                ],
                [
                    0.0,
                    0.0,
                    0.0,
                    1.0
                ]
            ],
            "colmap_im_id": 57
        },
        {
            "file_path": "images/frame_00056.jpg",
            "transform_matrix": [
                [
                    -0.33317677261600814,
                    -0.9137809532741897,
                    0.23237385313863146,
                    -1.192106478560461
                ],
                [
                    0.30942798288852535,
                    -0.33877425000848715,
                    -0.8885304333205056,
                    -0.6974274238486771
                ],
                [
                    0.8906444641913626,
                    -0.2241347294921082,
                    0.39562110843682274,
                    -0.14224686667072498
                ],
                [
                    0.0,
                    0.0,
                    0.0,
                    1.0
                ]
            ],
            "colmap_im_id": 56
        },
        {
            "file_path": "images/frame_00055.jpg",
            "transform_matrix": [
                [
                    -0.3467239847244585,
                    -0.9092974986184653,
                    0.23013156546418248,
                    -1.0655106363918072
                ],
                [
                    0.30886733424952956,
                    -0.342351925334111,
                    -0.8873534408867848,
                    0.5359245508219815
                ],
                [
                    0.8856542487056575,
                    -0.23658659773163204,
                    0.399553918167984,
                    -0.6479229075354117
                ],
                [
                    0.0,
                    0.0,
                    0.0,
                    1.0
                ]
            ],
            "colmap_im_id": 55
        },
        {
            "file_path": "images/frame_00054.jpg",
            "transform_matrix": [
                [
                    -0.29933705497673657,
                    -0.8172551407751237,
                    0.4924341198520756,
                    -0.18736069712186404
                ],
                [
                    0.3497947370117805,
                    -0.574160239008682,
                    -0.7402591856237603,
                    0.5108399912475106
                ],
                [
                    0.8877167169073221,
                    -0.04933614109480967,
                    0.45773898206855756,
                    -0.08683721855062451
                ],
                [
                    0.0,
                    0.0,
                    0.0,
                    1.0
                ]
            ],
            "colmap_im_id": 54
        },
        {
            "file_path": "images/frame_00053.jpg",
            "transform_matrix": [
                [
                    -0.2945868987890271,
                    -0.7482163136413258,
                    0.5944669099814113,
                    0.8407824930075714
                ],
                [
                    0.3353345353536224,
                    -0.6634508510914106,
                    -0.6688674888086972,
                    0.12190067100383814
                ],
                [
                    0.8948571441638222,
                    0.0023056858127621814,
                    0.4463466986008741,
                    0.0452952267123426
                ],
                [
                    0.0,
                    0.0,
                    0.0,
                    1.0
                ]
            ],
            "colmap_im_id": 53
        },
        {
            "file_path": "images/frame_00052.jpg",
            "transform_matrix": [
                [
                    -0.23329630126028053,
                    -0.7577108772953163,
                    0.6094645701323692,
                    1.2329468917866035
                ],
                [
                    0.3436419132366482,
                    -0.6505602532327248,
                    -0.677260357898518,
                    0.07713723966894927
                ],
                [
                    0.9096609650223141,
                    0.05143523444230086,
                    0.41215451638012823,
                    -0.09819198731799328
                ],
                [
                    0.0,
                    0.0,
                    0.0,
                    1.0
                ]
            ],
            "colmap_im_id": 52
        },
        {
            "file_path": "images/frame_00051.jpg",
            "transform_matrix": [
                [
                    0.09251494272381208,
                    -0.7646637977215411,
                    0.6377540762918573,
                    1.4609407366254354
                ],
                [
                    0.3680907496234044,
                    -0.5688637444406117,
                    -0.7354612432363018,
                    -0.171544697521012
                ],
                [
                    0.9251757592017261,
                    0.3027925308112415,
                    0.2288372737786247,
                    -0.7573945004489815
                ],
                [
                    0.0,
                    0.0,
                    0.0,
                    1.0
                ]
            ],
            "colmap_im_id": 51
        },
        {
            "file_path": "images/frame_00050.jpg",
            "transform_matrix": [
                [
                    0.3597568693390103,
                    -0.6872247754073062,
                    0.631107837876992,
                    1.918256573175659
                ],
                [
                    0.36548323568156094,
                    -0.518550358795697,
                    -0.7729990490476625,
                    -0.43234359024121927
                ],
                [
                    0.8584852936417318,
                    0.5087510525386962,
                    0.06461708088143597,
                    -1.4451488218672621
                ],
                [
                    0.0,
                    0.0,
                    0.0,
                    1.0
                ]
            ],
            "colmap_im_id": 50
        },
        {
            "file_path": "images/frame_00049.jpg",
            "transform_matrix": [
                [
                    0.548390374721606,
                    -0.5930833446892175,
                    0.5895083910895137,
                    1.3681827166856262
                ],
                [
                    0.4236017525792335,
                    -0.4107983346128815,
                    -0.8073452071394768,
                    -0.41056715658053194
                ],
                [
                    0.7209920610689817,
                    0.6924571282985925,
                    0.02595329158253658,
                    -1.765938805527027
                ],
                [
                    0.0,
                    0.0,
                    0.0,
                    1.0
                ]
            ],
            "colmap_im_id": 49
        },
        {
            "file_path": "images/frame_00048.jpg",
            "transform_matrix": [
                [
                    0.7135877691128932,
                    -0.4726968846711673,
                    0.5170591368447689,
                    0.807109924705399
                ],
                [
                    0.37819389283782895,
                    -0.36134994373060736,
                    -0.8522884474085376,
                    -0.5375185783567451
                ],
                [
                    0.5897133839354954,
                    0.8037312196176405,
                    -0.07908382526969049,
                    -2.0300875681327306
                ],
                [
                    0.0,
                    0.0,
                    0.0,
                    1.0
                ]
            ],
            "colmap_im_id": 48
        },
        {
            "file_path": "images/frame_00047.jpg",
            "transform_matrix": [
                [
                    0.8681389566948439,
                    -0.29187968522052415,
                    0.4014237178149241,
                    0.37378390982636533
                ],
                [
                    0.30407316996099254,
                    -0.3264499631927643,
                    -0.8949692334607466,
                    -0.7441525350173597
                ],
                [
                    0.39226809604996105,
                    0.8990198389841074,
                    -0.19465114932701524,
                    -2.5682496434737514
                ],
                [
                    0.0,
                    0.0,
                    0.0,
                    1.0
                ]
            ],
            "colmap_im_id": 47
        },
        {
            "file_path": "images/frame_00046.jpg",
            "transform_matrix": [
                [
                    0.9668580983213336,
                    -0.050574167415118276,
                    0.250255212334772,
                    -0.33031584084795496
                ],
                [
                    0.22049559031434363,
                    -0.32874484577759855,
                    -0.9183183113858678,
                    -1.0364788723945992
                ],
                [
                    0.12871329520443242,
                    0.9430636669731958,
                    -0.30669823552261605,
                    -3.1812928417427617
                ],
                [
                    0.0,
                    0.0,
                    0.0,
                    1.0
                ]
            ],
            "colmap_im_id": 46
        },
        {
            "file_path": "images/frame_00045.jpg",
            "transform_matrix": [
                [
                    0.995016142558403,
                    0.08675069453152442,
                    -0.049164957505258705,
                    -1.9380381092381813
                ],
                [
                    -0.013888130627972776,
                    -0.3676852782706169,
                    -0.9298465765763293,
                    -1.5181626543977451
                ],
                [
                    -0.09874206740724098,
                    0.9258951631482676,
                    -0.3646479822826211,
                    -3.8721182337030076
                ],
                [
                    0.0,
                    0.0,
                    0.0,
                    1.0
                ]
            ],
            "colmap_im_id": 45
        },
        {
            "file_path": "images/frame_00044.jpg",
            "transform_matrix": [
                [
                    0.9797011542854935,
                    0.16636196045146534,
                    -0.11184518946479893,
                    -2.3926812130436814
                ],
                [
                    -0.04476337015212875,
                    -0.3622935345689545,
                    -0.9309885259777144,
                    -1.4395895392205238
                ],
                [
                    -0.19540186535520893,
                    0.9170971011426645,
                    -0.34749247199245326,
                    -3.6660693568908056
                ],
                [
                    0.0,
                    0.0,
                    0.0,
                    1.0
                ]
            ],
            "colmap_im_id": 44
        },
        {
            "file_path": "images/frame_00043.jpg",
            "transform_matrix": [
                [
                    0.9363527365809429,
                    0.2784543157137116,
                    -0.21379136268284607,
                    -2.7863975927718534
                ],
                [
                    -0.08978384056978314,
                    -0.39878908987361583,
                    -0.9126369068640129,
                    -1.4809155979368036
                ],
                [
                    -0.3393853483430293,
                    0.8737450748691991,
                    -0.3484065577337758,
                    -3.676120810202012
                ],
                [
                    0.0,
                    0.0,
                    0.0,
                    1.0
                ]
            ],
            "colmap_im_id": 43
        },
        {
            "file_path": "images/frame_00042.jpg",
            "transform_matrix": [
                [
                    0.9375958885425084,
                    0.3121878202395631,
                    -0.1531427918063871,
                    -2.565756030954171
                ],
                [
                    -0.07594116092318787,
                    -0.24594324665624567,
                    -0.9663047446338155,
                    -2.001795381244833
                ],
                [
                    -0.33933300733324284,
                    0.9176331970445791,
                    -0.2068874713846201,
                    -3.022247787987675
                ],
                [
                    0.0,
                    0.0,
                    0.0,
                    1.0
                ]
            ],
            "colmap_im_id": 42
        },
        {
            "file_path": "images/frame_00041.jpg",
            "transform_matrix": [
                [
                    0.9327688385759527,
                    0.3082892592115056,
                    -0.1868154876783219,
                    -2.633856244646189
                ],
                [
                    -0.13187183291141372,
                    -0.1904916483639348,
                    -0.9727912168539431,
                    -3.179203060666942
                ],
                [
                    -0.335487873799117,
                    0.9320250342981201,
                    -0.13703000392372308,
                    -2.6762365536873287
                ],
                [
                    0.0,
                    0.0,
                    0.0,
                    1.0
                ]
            ],
            "colmap_im_id": 41
        },
        {
            "file_path": "images/frame_00040.jpg",
            "transform_matrix": [
                [
                    0.9371555948755423,
                    0.32745509024509756,
                    -0.12046806575206279,
                    -2.4948298036716796
                ],
                [
                    -0.11694618063579397,
                    -0.030502607672546554,
                    -0.9926697244098235,
                    -3.8134880677216927
                ],
                [
                    -0.3287293443369006,
                    0.9443742662725143,
                    0.009708932695292728,
                    -2.108018324845244
                ],
                [
                    0.0,
                    0.0,
                    0.0,
                    1.0
                ]
            ],
            "colmap_im_id": 40
        },
        {
            "file_path": "images/frame_00039.jpg",
            "transform_matrix": [
                [
                    0.96667250582578,
                    0.23860400392449035,
                    -0.09280299451908268,
                    -2.408780709144076
                ],
                [
                    -0.0894052912300751,
                    -0.02504768833266082,
                    -0.9956803238034059,
                    -3.7675158684125827
                ],
                [
                    -0.23989781237137733,
                    0.9707938723644642,
                    -0.002880451186145344,
                    -1.9570516465915508
                ],
                [
                    0.0,
                    0.0,
                    0.0,
                    1.0
                ]
            ],
            "colmap_im_id": 39
        },
        {
            "file_path": "images/frame_00038.jpg",
            "transform_matrix": [
                [
                    0.9868019044688434,
                    0.1485459003298329,
                    -0.064467951975093,
                    -2.139076816774195
                ],
                [
                    -0.061458690829677476,
                    -0.024764876266881862,
                    -0.9978023502803489,
                    -3.833259601350839
                ],
                [
                    -0.1498159893274602,
                    0.9885953754689961,
                    -0.015308590501706987,
                    -2.108879349455926
                ],
                [
                    0.0,
                    0.0,
                    0.0,
                    1.0
                ]
            ],
            "colmap_im_id": 38
        },
        {
            "file_path": "images/frame_00037.jpg",
            "transform_matrix": [
                [
                    0.9990085884737945,
                    0.027107718284866765,
                    -0.03531305374766008,
                    -1.9996814685607358
                ],
                [
                    -0.03473348615456908,
                    -0.021561420150145325,
                    -0.9991639955986501,
                    -3.787431206878517
                ],
                [
                    -0.027846455701708028,
                    0.9993999583602641,
                    -0.02059849835195773,
                    -1.9308350746431675
                ],
                [
                    0.0,
                    0.0,
                    0.0,
                    1.0
                ]
            ],
            "colmap_im_id": 37
        },
        {
            "file_path": "images/frame_00036.jpg",
            "transform_matrix": [
                [
                    0.9774184206020866,
                    -0.20496470318322016,
                    0.051407212691772876,
                    -1.0288405548641875
                ],
                [
                    0.04663173116546168,
                    -0.028064857290107787,
                    -0.9985178242944881,
                    -3.563642755634047
                ],
                [
                    0.20610364556755137,
                    0.9783669220871587,
                    -0.017873249549671535,
                    -1.7548803814861267
                ],
                [
                    0.0,
                    0.0,
                    0.0,
                    1.0
                ]
            ],
            "colmap_im_id": 36
        },
        {
            "file_path": "images/frame_00035.jpg",
            "transform_matrix": [
                [
                    0.9251059764304809,
                    -0.36352502758377436,
                    0.10967445779589069,
                    -0.7599019101704444
                ],
                [
                    0.09678195394229433,
                    -0.0535531564859717,
                    -0.9938638301203544,
                    -3.546225798726136
                ],
                [
                    0.367167789659875,
                    0.930043877325476,
                    -0.01435968264540502,
                    -1.7545551128068941
                ],
                [
                    0.0,
                    0.0,
                    0.0,
                    1.0
                ]
            ],
            "colmap_im_id": 35
        },
        {
            "file_path": "images/frame_00034.jpg",
            "transform_matrix": [
                [
                    0.8642096663770467,
                    -0.48002355648730516,
                    0.1507283575102993,
                    -0.5811389023827515
                ],
                [
                    0.13081304010549813,
                    -0.07490494520093002,
                    -0.9885733142882237,
                    -3.5358434147412834
                ],
                [
                    0.4858287775326107,
                    0.8740518488063078,
                    -0.001940236955729018,
                    -1.723970065997097
                ],
                [
                    0.0,
                    0.0,
                    0.0,
                    1.0
                ]
            ],
            "colmap_im_id": 34
        },
        {
            "file_path": "images/frame_00033.jpg",
            "transform_matrix": [
                [
                    0.7830260812827096,
                    -0.5910303540961895,
                    0.1937866779940672,
                    -0.16809112457399403
                ],
                [
                    0.16747394765777115,
                    -0.09971326319259219,
                    -0.9808209530793104,
                    -3.4473319259405883
                ],
                [
                    0.5990180572294674,
                    0.8004626072968166,
                    0.020904100856452317,
                    -1.5147360803535441
                ],
                [
                    0.0,
                    0.0,
                    0.0,
                    1.0
                ]
            ],
            "colmap_im_id": 33
        },
        {
            "file_path": "images/frame_00032.jpg",
            "transform_matrix": [
                [
                    0.5809448319456307,
                    -0.7670823017067773,
                    0.2721908239524168,
                    0.48171475488483234
                ],
                [
                    0.23686662454034238,
                    -0.1606085399085101,
                    -0.9581748791777631,
                    -3.2990008905641477
                ],
                [
                    0.7787151625687839,
                    0.6211196658589142,
                    0.08839149432373825,
                    -1.2254463265105129
                ],
                [
                    0.0,
                    0.0,
                    0.0,
                    1.0
                ]
            ],
            "colmap_im_id": 32
        },
        {
            "file_path": "images/frame_00031.jpg",
            "transform_matrix": [
                [
                    0.3888816042374905,
                    -0.8640146476820801,
                    0.31976520523109925,
                    0.9305101610785455
                ],
                [
                    0.2648939386343173,
                    -0.22756622703010843,
                    -0.9370404546176648,
                    -3.2076539691059205
                ],
                [
                    0.8823844395502873,
                    0.44910165987902156,
                    0.14037592362450663,
                    -1.0002081862509153
                ],
                [
                    0.0,
                    0.0,
                    0.0,
                    1.0
                ]
            ],
            "colmap_im_id": 31
        },
        {
            "file_path": "images/frame_00030.jpg",
            "transform_matrix": [
                [
                    0.23291445787308276,
                    -0.9368596468319991,
                    0.26085409226521655,
                    0.5149627819065347
                ],
                [
                    0.31410733974902066,
                    -0.18138224996649113,
                    -0.9318997041060194,
                    -2.532316498604517
                ],
                [
                    0.9203735298396416,
                    0.29898909935801243,
                    0.25202794296586095,
                    -0.6748366647718296
                ],
                [
                    0.0,
                    0.0,
                    0.0,
                    1.0
                ]
            ],
            "colmap_im_id": 30
        },
        {
            "file_path": "images/frame_00013.jpg",
            "transform_matrix": [
                [
                    -0.7617669016905636,
                    0.4349252449681264,
                    -0.4801574937228151,
                    -4.1300226657542245
                ],
                [
                    -0.11944186550836491,
                    -0.8227338576685832,
                    -0.5557361246217969,
                    0.26329245788677075
                ],
                [
                    -0.6367454972378223,
                    -0.36599047902259324,
                    0.6786797042877972,
                    1.7378131533600125
                ],
                [
                    0.0,
                    0.0,
                    0.0,
                    1.0
                ]
            ],
            "colmap_im_id": 13
        },
        {
            "file_path": "images/frame_00012.jpg",
            "transform_matrix": [
                [
                    -0.8259478819086069,
                    0.3611514994994112,
                    -0.43287375847931714,
                    -3.804264995208945
                ],
                [
                    -0.09124970930044715,
                    -0.8433720916237575,
                    -0.5295252643857059,
                    0.3963479854113476
                ],
                [
                    -0.5563124903534589,
                    -0.39786066591143876,
                    0.729536362080217,
                    2.1381381106810773
                ],
                [
                    0.0,
                    0.0,
                    0.0,
                    1.0
                ]
            ],
            "colmap_im_id": 12
        },
        {
            "file_path": "images/frame_00011.jpg",
            "transform_matrix": [
                [
                    -0.9160567637602899,
                    0.22529259765655835,
                    -0.33178796091809154,
                    -3.520313809961475
                ],
                [
                    -0.0289431333819385,
                    -0.8622820253129889,
                    -0.5056006367204906,
                    0.5081931879931663
                ],
                [
                    -0.400002875738488,
                    -0.4535558998219413,
                    0.7964199552608218,
                    2.415476252094024
                ],
                [
                    0.0,
                    0.0,
                    0.0,
                    1.0
                ]
            ],
            "colmap_im_id": 11
        },
        {
            "file_path": "images/frame_00010.jpg",
            "transform_matrix": [
                [
                    -0.9599810586669364,
                    0.20524329005901557,
                    -0.19055592062819338,
                    -2.4356865153910543
                ],
                [
                    -0.0652201215511714,
                    -0.8255235194081904,
                    -0.5605865273521704,
                    0.7638171868977167
                ],
                [
                    -0.27236501747757175,
                    -0.5257243676962919,
                    0.8058729344411413,
                    2.1373439887499384
                ],
                [
                    0.0,
                    0.0,
                    0.0,
                    1.0
                ]
            ],
            "colmap_im_id": 10
        },
        {
            "file_path": "images/frame_00009.jpg",
            "transform_matrix": [
                [
                    -0.9828139926822783,
                    0.12885852996752198,
                    -0.13218220395546423,
                    -2.0337460606205244
                ],
                [
                    -0.03413089496956307,
                    -0.8305518261942004,
                    -0.5558945457674995,
                    0.7817779096371649
                ],
                [
                    -0.18141592487014846,
                    -0.5418294411160075,
                    0.8206760133837351,
                    2.147302353736834
                ],
                [
                    0.0,
                    0.0,
                    0.0,
                    1.0
                ]
            ],
            "colmap_im_id": 9
        },
        {
            "file_path": "images/frame_00008.jpg",
            "transform_matrix": [
                [
                    -0.9972662910932754,
                    0.02858308954323707,
                    -0.06813920781185116,
                    -1.750828972320048
                ],
                [
                    0.013878941954608278,
                    -0.8332819195112794,
                    -0.5526740608946817,
                    0.7898380276968361
                ],
                [
                    -0.07257630205021445,
                    -0.5521089110019519,
                    0.8306072662654445,
                    2.2517916948840617
                ],
                [
                    0.0,
                    0.0,
                    0.0,
                    1.0
                ]
            ],
            "colmap_im_id": 8
        },
        {
            "file_path": "images/frame_00007.jpg",
            "transform_matrix": [
                [
                    -0.989927559631831,
                    -0.12272490317393703,
                    0.07058345997692943,
                    -1.1663185405514271
                ],
                [
                    0.06420110626310478,
                    -0.8334904422878382,
                    -0.5487913087590013,
                    0.8409924235759259
                ],
                [
                    0.12618099950452344,
                    -0.5387321048125603,
                    0.8329742340602545,
                    2.3626140544267527
                ],
                [
                    0.0,
                    0.0,
                    0.0,
                    1.0
                ]
            ],
            "colmap_im_id": 7
        },
        {
            "file_path": "images/frame_00006.jpg",
            "transform_matrix": [
                [
                    -0.9211642582923175,
                    -0.3057557334174255,
                    0.24076926865182974,
                    -0.27125239812503477
                ],
                [
                    0.13164940667735037,
                    -0.8270121525414,
                    -0.5465522237356114,
                    0.9765546659150998
                ],
                [
                    0.36623058715277496,
                    -0.4717672424312783,
                    0.8020665969871338,
                    2.6094461467441845
                ],
                [
                    0.0,
                    0.0,
                    0.0,
                    1.0
                ]
            ],
            "colmap_im_id": 6
        },
        {
            "file_path": "images/frame_00005.jpg",
            "transform_matrix": [
                [
                    -0.8445417198780727,
                    -0.4615167696794706,
                    0.2715723746812539,
                    -0.29419277777126973
                ],
                [
                    0.17855101685790198,
                    -0.7208244954081395,
                    -0.6697250041611187,
                    1.207641472831814
                ],
                [
                    0.5048453404404145,
                    -0.5171211832097279,
                    0.6911706476054768,
                    1.4062878223863062
                ],
                [
                    0.0,
                    0.0,
                    0.0,
                    1.0
                ]
            ],
            "colmap_im_id": 5
        },
        {
            "file_path": "images/frame_00004.jpg",
            "transform_matrix": [
                [
                    -0.7748103793191113,
                    -0.5673406210188774,
                    0.2789148541065722,
                    -0.612768133142415
                ],
                [
                    0.1796383473810556,
                    -0.6205776478793366,
                    -0.7632911941734644,
                    1.3715429645700927
                ],
                [
                    0.6061344242406786,
                    -0.5413021362367468,
                    0.5827461343123232,
                    0.520507523876497
                ],
                [
                    0.0,
                    0.0,
                    0.0,
                    1.0
                ]
            ],
            "colmap_im_id": 4
        },
        {
            "file_path": "images/frame_00071.jpg",
            "transform_matrix": [
                [
                    -0.5658912184776742,
                    -0.0434368929177369,
                    0.8233349046308579,
                    2.9877731105353
                ],
                [
                    0.2916314124636754,
                    -0.9445995004142516,
                    0.15060844292929418,
                    4.33065546384336
                ],
                [
                    0.7711797767798977,
                    0.32533831645042754,
                    0.5472081246974572,
                    0.7955355873599892
                ],
                [
                    0.0,
                    0.0,
                    0.0,
                    1.0
                ]
            ],
            "colmap_im_id": 71
        },
        {
            "file_path": "images/frame_00072.jpg",
            "transform_matrix": [
                [
                    -0.6429027112204898,
                    -0.04379920715193322,
                    0.7646945359803525,
                    2.785341408837646
                ],
                [
                    0.2692011039623308,
                    -0.9475912928719037,
                    0.17205088578329691,
                    4.471420253426758
                ],
                [
                    0.7170821916146062,
                    0.316468594217841,
                    0.6209998062342509,
                    1.252144257064677
                ],
                [
                    0.0,
                    0.0,
                    0.0,
                    1.0
                ]
            ],
            "colmap_im_id": 72
        },
        {
            "file_path": "images/frame_00073.jpg",
            "transform_matrix": [
                [
                    -0.8353232829954089,
                    0.03504816575205836,
                    0.5486407193812622,
                    2.20018138570427
                ],
                [
                    0.1284112278303905,
                    -0.9579215004707684,
                    0.2567040231529765,
                    5.202459022260698
                ],
                [
                    0.5345517462817462,
                    0.2848824757917699,
                    0.7956735546277051,
                    3.8128382057666985
                ],
                [
                    0.0,
                    0.0,
                    0.0,
                    1.0
                ]
            ],
            "colmap_im_id": 73
        },
        {
            "file_path": "images/frame_00014.jpg",
            "transform_matrix": [
                [
                    -0.7722422870364584,
                    0.4960685684731356,
                    -0.3969355432380827,
                    -3.776849126249397
                ],
                [
                    -0.09212959001401483,
                    -0.7056062662722884,
                    -0.7025894502774218,
                    -0.6022195890231654
                ],
                [
                    -0.628612749438434,
                    -0.5059997750694091,
                    0.5906015906456382,
                    1.514315997427517
                ],
                [
                    0.0,
                    0.0,
                    0.0,
                    1.0
                ]
            ],
            "colmap_im_id": 14
        },
        {
            "file_path": "images/frame_00074.jpg",
            "transform_matrix": [
                [
                    -0.9389016984223716,
                    0.04596620040166884,
                    0.34110219747199066,
                    0.9232622229026374
                ],
                [
                    0.05707653859041514,
                    -0.9565265527325814,
                    0.28600563396559464,
                    5.495652571115664
                ],
                [
                    0.3394199013642603,
                    0.2880001082259488,
                    0.8954608133356354,
                    4.754038607363003
                ],
                [
                    0.0,
                    0.0,
