{
    "w": 3072,
    "h": 4096,
    "fl_x": 2864.941474746766,
    "fl_y": 2864.888245233653,
    "cx": 1527.612725417536,
    "cy": 2057.6420493877367,
    "k1": 0.01576893100897421,
    "k2": -0.04266227788177841,
    "p1": -6.867403122986167e-05,
    "p2": 0.0004359360987099934,
    "camera_model": "OPENCV",
    "frames": [
        {
            "file_path": "images/frame_00059.jpg",
            "transform_matrix": [
                [
                    0.9976253013342115,
                    -0.051619483454028316,
                    -0.045598103751836365,
                    -0.20688502903786124
                ],
                [
                    -0.018787500781604637,
                    0.4329837117435159,
                    -0.9012059338348751,
                    -1.173860807858811
                ],
                [
                    0.06626302100119749,
                    0.899922515716074,
                    0.4309857048151917,
                    0.9297575580944575
                ],
                [
                    0.0,
                    0.0,
                    0.0,
                    1.0
                ]
            ],
            "colmap_im_id": 59
        },
        {
            "file_path": "images/frame_00058.jpg",
            "transform_matrix": [
                [
                    0.9973370844525785,
                    -0.06075325762735454,
                    -0.04034577627577159,
                    -0.1759077957013041
                ],
                [
                    0.004025070910588205,
                    0.5982253795616219,
                    -0.8013177859329706,
                    -0.4767862346113979
                ],
                [
                    0.07281853321644884,
                    0.7990215497319316,
                    0.5968768920675244,
                    1.7423219854640741
                ],
                [
                    0.0,
                    0.0,
                    0.0,
                    1.0
                ]
            ],
            "colmap_im_id": 58
        },
        {
            "file_path": "images/frame_00057.jpg",
            "transform_matrix": [
                [
                    0.9974382585794296,
                    -0.06377464202470297,
                    -0.03239931105217998,
                    -0.18250449048198436
                ],
                [
                    0.020697350092217334,
                    0.6908569441158052,
                    -0.7226951656584754,
                    0.06024833463075726
                ],
                [
                    0.06847291450781919,
                    0.7201732276345684,
                    0.6904071133593662,
                    2.375861879321613
                ],
                [
                    0.0,
                    0.0,
                    0.0,
                    1.0
                ]
            ],
            "colmap_im_id": 57
        },
        {
            "file_path": "images/frame_00056.jpg",
            "transform_matrix": [
                [
                    0.9973236194395076,
                    -0.07184542403803408,
                    -0.013558508504811996,
                    -0.10242834756691509
                ],
                [
                    0.04587178724609514,
                    0.7592761896210569,
                    -0.6491497878066187,
                    0.5675619383810568
                ],
                [
                    0.0569330944436447,
                    0.6467904629161781,
                    0.7605397555931885,
                    2.9751303365776223
                ],
                [
                    0.0,
                    0.0,
                    0.0,
                    1.0
                ]
            ],
            "colmap_im_id": 56
        },
        {
            "file_path": "images/frame_00055.jpg",
            "transform_matrix": [
                [
                    0.9981828318537597,
                    -0.05980496669689647,
                    -0.007375645788142268,
                    -0.14061839369830245
                ],
                [
                    0.05126594955242633,
                    0.9071674451467184,
                    -0.41763504268974394,
                    1.6780867005517333
                ],
                [
                    0.03166759556545327,
                    0.41649801010852294,
                    0.9085849277677592,
                    3.376748169752678
                ],
                [
                    0.0,
                    0.0,
                    0.0,
                    1.0
                ]
            ],
            "colmap_im_id": 55
        },
        {
            "file_path": "images/frame_00054.jpg",
            "transform_matrix": [
                [
                    0.998578219937324,
                    -0.04882297221051413,
                    -0.02139757115508781,
                    -0.1280814918921558
                ],
                [
                    0.032934213520797354,
                    0.8806994508338947,
                    -0.47252916828555996,
                    1.1844552600026563
                ],
                [
                    0.04191510761732828,
                    0.47115262355781046,
                    0.8810552361049901,
                    3.3634040611373135
                ],
                [
                    0.0,
                    0.0,
                    0.0,
                    1.0
                ]
            ],
            "colmap_im_id": 54
        },
        {
            "file_path": "images/frame_00053.jpg",
            "transform_matrix": [
                [
                    0.9991327383579213,
                    -0.03734605592147966,
                    -0.018413127070417333,
                    -0.044160395833433196
                ],
                [
                    0.02212839536395762,
                    0.8508372784624241,
                    -0.5249631031770445,
                    0.7006425074027743
                ],
                [
                    0.035271876332540066,
                    0.5241003698584513,
                    0.850925788217878,
                    3.2260410746356887
                ],
                [
                    0.0,
                    0.0,
                    0.0,
                    1.0
                ]
            ],
            "colmap_im_id": 53
        },
        {
            "file_path": "images/frame_00052.jpg",
            "transform_matrix": [
                [
                    0.9993176858412823,
                    -0.034735755257821584,
                    -0.012553488419283406,
                    -0.04357855576960798
                ],
                [
                    0.02036450667349982,
                    0.8017417704479305,
                    -0.5973235474907737,
                    0.27939412723688434
                ],
                [
                    0.030813140585947148,
                    0.5966603395782949,
                    0.8019021072060755,
                    2.822311371396582
                ],
                [
                    0.0,
                    0.0,
                    0.0,
                    1.0
                ]
            ],
            "colmap_im_id": 52
        },
        {
            "file_path": "images/frame_00051.jpg",
            "transform_matrix": [
                [
                    0.998930413863882,
                    -0.04273954613692341,
                    -0.017645380521342863,
                    -0.0635936443011658
                ],
                [
                    0.01928534853068116,
                    0.731942233811126,
                    -0.6810937099222316,
                    -0.0838686916326969
                ],
                [
                    0.042025035274028566,
                    0.6800249242193912,
                    0.731983605588696,
                    2.4453335972179637
                ],
                [
                    0.0,
                    0.0,
                    0.0,
                    1.0
                ]
            ],
            "colmap_im_id": 51
        },
        {
            "file_path": "images/frame_00050.jpg",
            "transform_matrix": [
                [
                    0.999162518820683,
                    -0.0407188924905191,
                    -0.004028992213194009,
                    0.002595591432107203
                ],
                [
                    0.021997928403981123,
                    0.617578339490631,
                    -0.7862016826094486,
                    -0.6962134633717737
                ],
                [
                    0.03450148011088439,
                    0.7854546240148698,
                    0.6179568605362495,
                    1.9826408276014267
                ],
                [
                    0.0,
                    0.0,
                    0.0,
                    1.0
                ]
            ],
            "colmap_im_id": 50
        },
        {
            "file_path": "images/frame_00049.jpg",
            "transform_matrix": [
                [
                    0.9998247188810683,
                    -0.01846700598541606,
                    -0.0030824023630355102,
                    -0.013371616218849428
                ],
                [
                    0.006361431101207265,
                    0.4899213282084726,
                    -0.8717434395283915,
                    -0.9607554370894574
                ],
                [
                    0.017608625975289286,
                    0.8715710308726309,
                    0.4899529308360975,
                    1.2402280478361818
                ],
                [
                    0.0,
                    0.0,
                    0.0,
                    1.0
                ]
            ],
            "colmap_im_id": 49
        },
        {
            "file_path": "images/frame_00048.jpg",
            "transform_matrix": [
                [
                    0.9996050387303294,
                    -0.028096985631240242,
                    -0.0005709145073190394,
                    0.02447825906002202
                ],
                [
                    0.009740624143259324,
                    0.3654545684252874,
                    -0.9307782113148043,
                    -1.3508492555246143
                ],
                [
                    0.026360705344063567,
                    0.930405028907048,
                    0.3655839102015277,
                    0.6972717894741697
                ],
                [
                    0.0,
                    0.0,
                    0.0,
                    1.0
                ]
            ],
            "colmap_im_id": 48
        },
        {
            "file_path": "images/frame_00047.jpg",
            "transform_matrix": [
                [
                    0.9994439193506752,
                    -0.033274623776981094,
                    0.0021567302708025964,
                    0.011253891765287327
                ],
                [
                    0.007677983333508003,
                    0.16671050969601908,
                    -0.9859759908480651,
                    -2.1442428690088877
                ],
                [
                    0.03244843054588319,
                    0.9854442680179302,
                    0.16687328721432648,
                    -0.08128283929773898
                ],
                [
                    0.0,
                    0.0,
                    0.0,
                    1.0
                ]
            ],
            "colmap_im_id": 47
        },
        {
            "file_path": "images/frame_00046.jpg",
            "transform_matrix": [
                [
                    0.9996248573209745,
                    -0.025204399533115235,
                    -0.010718342698218234,
                    0.10661331311645789
                ],
                [
                    -0.00835081964235226,
                    0.09222977980657973,
                    -0.9957027325101256,
                    -2.1179823473174344
                ],
                [
                    0.026084639873347908,
                    0.9954187088662764,
                    0.09198470308520232,
                    -0.8477108597294056
                ],
                [
                    0.0,
                    0.0,
                    0.0,
                    1.0
                ]
            ],
            "colmap_im_id": 46
        },
        {
            "file_path": "images/frame_00045.jpg",
            "transform_matrix": [
                [
                    0.9988820875072244,
                    -0.047052508167366745,
                    -0.004542767038887084,
                    0.0769113907059197
                ],
                [
                    -0.009717673617644541,
                    -0.11034480632853198,
                    -0.9938458585393308,
                    -2.1003312401133174
                ],
                [
                    0.046261669626923844,
                    0.9927789709655814,
                    -0.11067869140828643,
                    -1.6712341720286377
                ],
                [
                    0.0,
                    0.0,
                    0.0,
                    1.0
                ]
            ],
            "colmap_im_id": 45
        },
        {
            "file_path": "images/frame_00044.jpg",
            "transform_matrix": [
                [
                    0.9931027130984624,
                    -0.014328918395325765,
                    -0.11636873864613755,
                    -0.5759854824930757
                ],
                [
                    -0.11724759557887134,
                    -0.12093889729040068,
                    -0.9857113088796107,
                    -2.0065576094995095
                ],
                [
                    5.0669975346975825e-05,
                    0.9925565299869836,
                    -0.121784778247331,
                    -1.7543042466971746
                ],
                [
                    0.0,
                    0.0,
                    0.0,
                    1.0
                ]
            ],
            "colmap_im_id": 44
        },
        {
            "file_path": "images/frame_00043.jpg",
            "transform_matrix": [
                [
                    0.9535703197918018,
                    0.060525198779839216,
                    -0.29502600821761754,
                    -1.3444570962229268
                ],
                [
                    -0.2865897014835608,
                    -0.11875235708816712,
                    -0.9506651464577672,
                    -1.7397942871915562
                ],
                [
                    -0.09257423084057638,
                    0.9910774833476268,
                    -0.09589282447404647,
                    -1.5770485726534464
                ],
                [
                    0.0,
                    0.0,
                    0.0,
                    1.0
                ]
            ],
            "colmap_im_id": 43
        },
        {
            "file_path": "images/frame_00042.jpg",
            "transform_matrix": [
                [
                    0.8475583694458344,
                    0.15000874849692353,
                    -0.5090601003385602,
                    -2.5611898146172876
                ],
                [
                    -0.4867282629926285,
                    -0.16259070412813376,
                    -0.8582889146058547,
                    -1.4592415869830875
                ],
                [
                    -0.21151928608639212,
                    0.9752238913734139,
                    -0.06479161448828549,
                    -1.4701985169345957
                ],
                [
                    0.0,
                    0.0,
                    0.0,
                    1.0
                ]
            ],
            "colmap_im_id": 42
        },
        {
            "file_path": "images/frame_00041.jpg",
            "transform_matrix": [
                [
                    0.5870157937442249,
                    0.24638069807850457,
                    -0.7711737868400261,
                    -3.786691074388154
                ],
                [
                    -0.717308210663954,
                    -0.2833480607505213,
                    -0.63653971390872,
                    -0.18211501356497342
                ],
                [
                    -0.3753416960702794,
                    0.926828154559014,
                    0.010401110893474086,
                    -1.0461098717565582
                ],
                [
                    0.0,
                    0.0,
                    0.0,
                    1.0
                ]
            ],
            "colmap_im_id": 41
        },
        {
            "file_path": "images/frame_00040.jpg",
            "transform_matrix": [
                [
                    0.3681883964918223,
                    0.2612705173341478,
                    -0.8922864010286877,
                    -4.650620242641977
                ],
                [
                    -0.8123832405936111,
                    -0.3763481584785935,
                    -0.4454161357791105,
                    0.5975647342766478
                ],
                [
                    -0.4521844480866235,
                    0.8888755708093897,
                    0.0736847645506005,
                    -0.64145453148491
                ],
                [
                    0.0,
                    0.0,
                    0.0,
                    1.0
                ]
            ],
            "colmap_im_id": 40
        },
        {
            "file_path": "images/frame_00039.jpg",
            "transform_matrix": [
                [
                    0.04252429585945192,
                    0.289813727052417,
                    -0.9561379021216789,
                    -4.978158496844454
                ],
                [
                    -0.8843418840939942,
                    -0.4343943742289706,
                    -0.17099988209149705,
                    2.165816322973299
                ],
                [
                    -0.464899038823208,
                    0.8528244433939545,
                    0.23782210252844266,
                    0.19986304771915206
                ],
                [
                    0.0,
                    0.0,
                    0.0,
                    1.0
                ]
            ],
            "colmap_im_id": 39
        },
        {
            "file_path": "images/frame_00038.jpg",
            "transform_matrix": [
                [
                    -0.13837647056885619,
                    0.2841246460660218,
                    -0.9487492492174969,
                    -4.981794189770971
                ],
                [
                    -0.8899639124163028,
                    -0.4559809792405694,
                    -0.006751382634588796,
                    3.090838154577724
                ],
                [
                    -0.4345298459134581,
                    0.8434183612351995,
                    0.3159577201806549,
                    0.7089735956011618
                ],
                [
                    0.0,
                    0.0,
                    0.0,
                    1.0
                ]
            ],
            "colmap_im_id": 38
        },
        {
            "file_path": "images/frame_00037.jpg",
            "transform_matrix": [
                [
                    -0.30845736779585636,
                    0.35307298871088566,
                    -0.8832856372064558,
                    -4.69109488811646
                ],
                [
                    -0.8792051739591705,
                    -0.46028028438557467,
                    0.12304601533312251,
                    3.939452409996514
                ],
                [
                    -0.3631147399044498,
                    0.8145437523231623,
                    0.45240044342974106,
                    1.4944526529601692
                ],
                [
                    0.0,
                    0.0,
                    0.0,
                    1.0
                ]
            ],
            "colmap_im_id": 37
        },
        {
            "file_path": "images/frame_00036.jpg",
            "transform_matrix": [
                [
                    -0.30989560611234823,
                    0.46364343359612226,
                    -0.8300599254243379,
                    -4.525562353930518
                ],
                [
                    -0.8885134143415541,
                    -0.45195077470896977,
                    0.07927426931277844,
                    3.744865818829992
                ],
                [
                    -0.3383912319303987,
                    0.7620861261846721,
                    0.5520109694829142,
                    1.965492840039191
                ],
                [
                    0.0,
                    0.0,
                    0.0,
                    1.0
                ]
            ],
            "colmap_im_id": 36
        },
        {
            "file_path": "images/frame_00035.jpg",
            "transform_matrix": [
                [
                    -0.28139027313517984,
                    0.5760820934388416,
                    -0.767430085287272,
                    -4.195066103138575
                ],
                [
                    -0.8854753957083839,
                    -0.4640817007526847,
                    -0.023695962136529823,
                    3.365609411661273
                ],
                [
                    -0.3698010786625546,
                    0.6728726451904677,
                    0.6406945961801097,
                    2.481525073169399
                ],
                [
                    0.0,
                    0.0,
                    0.0,
                    1.0
                ]
            ],
            "colmap_im_id": 35
        },
        {
            "file_path": "images/frame_00034.jpg",
            "transform_matrix": [
                [
                    -0.2937218614192738,
                    0.6370452715184317,
                    -0.712671586469112,
                    -3.8413311619441934
                ],
                [
                    -0.8722835914876761,
                    -0.48355975041611504,
                    -0.07274134861866824,
                    2.976762529601242
                ],
                [
                    -0.3909588266630565,
                    0.6002860066780763,
                    0.6977162073800018,
                    2.97394045657531
                ],
                [
                    0.0,
                    0.0,
                    0.0,
                    1.0
                ]
            ],
            "colmap_im_id": 34
        },
        {
            "file_path": "images/frame_00033.jpg",
            "transform_matrix": [
                [
                    -0.299921226337069,
                    0.7101362296750828,
                    -0.6369880636992553,
                    -3.347094632702802
                ],
                [
                    -0.863854418753074,
                    -0.4854619761516431,
                    -0.13447011902920974,
                    2.586146214092381
                ],
                [
                    -0.4047255875198117,
                    0.5099345105146342,
                    0.7590546711488859,
                    3.3043692067842887
                ],
                [
                    0.0,
                    0.0,
                    0.0,
                    1.0
                ]
            ],
            "colmap_im_id": 33
        },
        {
            "file_path": "images/frame_00032.jpg",
            "transform_matrix": [
                [
                    -0.23415490227962613,
                    0.7310060155008712,
                    -0.6409381304306677,
                    -3.327738059299275
                ],
                [
                    -0.8570781086385423,
                    -0.46640317110716045,
                    -0.21882686689198874,
                    2.122842067310615
                ],
                [
                    -0.4588993325676105,
                    0.4980946569505893,
                    0.7357398421223883,
                    3.1207590109679377
                ],
                [
                    0.0,
                    0.0,
                    0.0,
                    1.0
                ]
            ],
            "colmap_im_id": 32
        },
        {
            "file_path": "images/frame_00031.jpg",
            "transform_matrix": [
                [
                    -0.15588271901858505,
                    0.7364445498388074,
                    -0.6582932499457124,
                    -3.4251448325495084
                ],
                [
                    -0.8593324209030773,
                    -0.42973525325525147,
                    -0.27726413849342474,
                    1.7774580179925317
                ],
                [
                    -0.48708148014087793,
                    0.5224720443453037,
                    0.6998389776094285,
                    2.9388760812948553
                ],
                [
                    0.0,
                    0.0,
                    0.0,
                    1.0
                ]
            ],
            "colmap_im_id": 31
        },
        {
            "file_path": "images/frame_00030.jpg",
            "transform_matrix": [
                [
                    -0.006695442661924719,
                    0.741985955713861,
                    -0.6703819900407142,
                    -3.5662726609741835
                ],
                [
                    -0.8471811409067509,
                    -0.3603733467316288,
                    -0.39040384918361254,
                    1.1703143356552803
                ],
                [
                    -0.5312619744904544,
                    0.5653210525788271,
                    0.6310093675783826,
                    2.387475767591736
                ],
                [
                    0.0,
                    0.0,
                    0.0,
                    1.0
                ]
            ],
            "colmap_im_id": 30
        },
        {
            "file_path": "images/frame_00013.jpg",
            "transform_matrix": [
                [
                    -0.1171003886942206,
                    -0.30650263945705386,
                    0.9446394184944449,
                    4.360487589207039
                ],
                [
                    0.8942803482168021,
                    -0.44621940377031033,
                    -0.03392495382612584,
                    2.9801081008231414
                ],
                [
                    0.4319145259896901,
                    0.8407998428310558,
                    0.32635175276742934,
                    0.6335735456771201
                ],
                [
                    0.0,
                    0.0,
                    0.0,
                    1.0
                ]
            ],
            "colmap_im_id": 13
        },
        {
            "file_path": "images/frame_00012.jpg",
            "transform_matrix": [
                [
                    -0.03613946105188896,
                    -0.29714346523886853,
                    0.9541486783624,
                    4.475115517310338
                ],
                [
                    0.904532113143019,
                    -0.4156466327698349,
                    -0.0951815788906721,
                    2.7314895325550745
                ],
                [
                    0.4248712695016009,
                    0.8596183093285852,
                    0.28379705181548787,
                    0.3657660147924876
                ],
                [
                    0.0,
                    0.0,
                    0.0,
                    1.0
                ]
            ],
            "colmap_im_id": 12
        },
        {
            "file_path": "images/frame_00011.jpg",
            "transform_matrix": [
                [
                    0.1016948379511301,
                    -0.24739901999471475,
                    0.9635620814663415,
                    4.609333819840091
                ],
                [
                    0.8811493631090236,
                    -0.42719556676060194,
                    -0.20268139439191418,
                    2.0966951195087127
                ],
                [
                    0.4617726278447608,
                    0.8696537659584663,
                    0.17455190496697878,
                    -0.05926742751036037
                ],
                [
                    0.0,
                    0.0,
                    0.0,
                    1.0
                ]
            ],
            "colmap_im_id": 11
        },
        {
            "file_path": "images/frame_00010.jpg",
            "transform_matrix": [
                [
                    0.17026118188059094,
                    -0.24966102929790596,
                    0.9532473448137865,
                    4.36005442488955
                ],
                [
                    0.8762658309016738,
                    -0.4041371822087915,
                    -0.2623572593821951,
                    1.7464793551912376
                ],
                [
                    0.4507430793021925,
                    0.8799673337154329,
                    0.14996055499673633,
                    -0.35670496430990634
                ],
                [
                    0.0,
                    0.0,
                    0.0,
                    1.0
                ]
            ],
            "colmap_im_id": 10
        },
        {
            "file_path": "images/frame_00009.jpg",
            "transform_matrix": [
                [
                    0.24540752976988947,
                    -0.22990215237196426,
                    0.941764378529459,
                    4.191191696972525
                ],
                [
                    0.8703715743513457,
                    -0.37553279825270425,
                    -0.31847831950959127,
                    1.4176160902628938
                ],
                [
                    0.426882263502948,
                    0.8978419224848169,
                    0.10794172193997918,
                    -0.6717760215154807
                ],
                [
                    0.0,
                    0.0,
                    0.0,
                    1.0
                ]
            ],
            "colmap_im_id": 9
        },
        {
            "file_path": "images/frame_00008.jpg",
            "transform_matrix": [
                [
                    0.3458299872507598,
                    -0.22900610652851072,
                    0.9099218774657482,
                    4.047801963061568
                ],
                [
                    0.8346426265378803,
                    -0.36798108926059403,
                    -0.40983118953117187,
                    1.060371723381168
                ],
                [
                    0.42868788866037255,
                    0.9011915008028202,
                    0.06387936283865771,
                    -1.0017951511780685
                ],
                [
                    0.0,
                    0.0,
                    0.0,
                    1.0
                ]
            ],
            "colmap_im_id": 8
        },
        {
            "file_path": "images/frame_00007.jpg",
            "transform_matrix": [
                [
                    0.4157788791417584,
                    -0.22245755262629527,
                    0.8818393056215753,
                    3.773430609771613
                ],
                [
                    0.8059943274372071,
                    -0.35904683726996484,
                    -0.47059378744887764,
                    0.6445000856629254
                ],
                [
                    0.4213087559007848,
                    0.9064204355187246,
                    0.03001543395285876,
                    -1.3323080544960737
                ],
                [
                    0.0,
                    0.0,
                    0.0,
                    1.0
                ]
            ],
            "colmap_im_id": 7
        },
        {
            "file_path": "images/frame_00006.jpg",
            "transform_matrix": [
                [
                    0.5207597797227023,
                    -0.21332334003184214,
                    0.8266210766855764,
                    3.4226063891550016
                ],
                [
                    0.7535268765301973,
                    -0.34024997245377114,
                    -0.5625186242177699,
                    0.23549473377913696
                ],
                [
                    0.4012561503202253,
                    0.9158182728264744,
                    -0.016443630600498086,
                    -1.6415747978158233
                ],
                [
                    0.0,
                    0.0,
                    0.0,
                    1.0
                ]
            ],
            "colmap_im_id": 6
        },
        {
            "file_path": "images/frame_00005.jpg",
            "transform_matrix": [
                [
                    0.7263934418062082,
                    -0.12424534444197895,
                    0.6759553698917,
                    2.9542722733188738
                ],
                [
                    0.6154601997600764,
                    -0.32012937255831386,
                    -0.7202263028636953,
                    -0.40565676500573955
                ],
                [
                    0.3058779335163257,
                    0.939191289998962,
                    -0.15607181224637562,
                    -1.9249173876723387
                ],
                [
                    0.0,
                    0.0,
                    0.0,
                    1.0
                ]
            ],
            "colmap_im_id": 5
        },
        {
            "file_path": "images/frame_00004.jpg",
            "transform_matrix": [
                [
                    0.8457982471550881,
                    -0.08620328637396983,
                    0.5264924676837336,
                    2.42909183654293
                ],
                [
                    0.4764828565027341,
                    -0.32184744371492563,
                    -0.8181554317079136,
                    -0.7009933966296559
                ],
                [
                    0.23997794183710905,
                    0.9428590649680869,
                    -0.23114361561403762,
                    -2.2182211195732813
                ],
                [
                    0.0,
                    0.0,
                    0.0,
                    1.0
                ]
            ],
            "colmap_im_id": 4
        },
        {
            "file_path": "images/frame_00003.jpg",
            "transform_matrix": [
                [
                    0.9266062279152523,
                    -0.07526793042061446,
                    0.368423176576699,
                    1.7787081150233799
                ],
                [
                    0.3264967907512459,
                    -0.32501973176548515,
                    -0.8875595865023538,
                    -0.9612317149850017
                ],
                [
                    0.1865495752281551,
                    0.9427072252896388,
                    -0.2765905699204246,
                    -2.3957311937501524
                ],
                [
                    0.0,
                    0.0,
                    0.0,
                    1.0
                ]
            ],
            "colmap_im_id": 3
        },
        {
            "file_path": "images/frame_00002.jpg",
            "transform_matrix": [
                [
                    0.9636123847001413,
                    -0.06452591346243304,
                    0.2593984937202707,
                    1.2398388440787345
                ],
                [
                    0.226774320749651,
                    -0.3163930641323111,
                    -0.9211236813900191,
                    -1.0505173746170717
                ],
                [
                    0.14150823121303263,
                    0.9464311044449067,
                    -0.29024745483492714,
                    -2.464266364453393
                ],
                [
                    0.0,
                    0.0,
                    0.0,
                    1.0
                ]
            ],
            "colmap_im_id": 2
        },
        {
            "file_path": "images/frame_00073.jpg",
            "transform_matrix": [
                [
                    0.44408279651831745,
                    -0.10496401251598952,
                    0.8898162877319196,
                    3.9281887504746265
                ],
                [
                    0.7959355048085978,
                    -0.40981939285675295,
                    -0.4455723705792418,
                    0.856496276676963
                ],
                [
                    0.4114330346746036,
                    0.9061074005409432,
                    -0.09844915775861571,
                    -1.87346592789516
                ],
                [
                    0.0,
                    0.0,
                    0.0,
                    1.0
                ]
            ],
            "colmap_im_id": 73
        },
        {
            "file_path": "images/frame_00014.jpg",
            "transform_matrix": [
                [
                    -0.03946675821093028,
                    -0.4161349180152773,
                    0.9084459835371275,
                    4.375068804354031
                ],
                [
                    0.8938783045517682,
                    -0.4210202943472242,
                    -0.15402431106625136,
                    2.3272310208571554
                ],
                [
                    0.44656908944526913,
                    0.8059613152975738,
                    0.3885902811391816,
                    1.302742658589387
                ],
                [
                    0.0,
                    0.0,
                    0.0,
                    1.0
                ]
            ],
            "colmap_im_id": 14
        },
        {
            "file_path": "images/frame_00074.jpg",
            "transform_matrix": [
                [
                    0.3381280019921336,
                    -0.06358601486873378,
                    0.9389495582734575,
                    4.119348577614217
                ],
                [
                    0.8496195571844714,
                    -0.40846536087607827,
                    -0.33362052846615714,
                    1.3449517564332905
                ],
                [
                    0.40474197004816603,
                    0.9105563506326714,
                    -0.08408965456012531,
                    -1.9515095912475209
                ],
                [
                    0.0,
                    0.0,
