{
    "w": 3072,
    "h": 4096,
    "fl_x": 2934.3054235474046,
    "fl_y": 2933.505256333114,
    "cx": 1522.9036768539634,
    "cy": 2051.990631319458,
    "k1": 0.009227248362550743,
    "k2": -0.055455447043836835,
    "p1": -8.327827621597557e-06,
    "p2": 0.0001925209841029073,
    "camera_model": "OPENCV",
    "frames": [
        {
            "file_path": "images/frame_00029.jpg",
            "transform_matrix": [
                [
                    0.7222523459510649,
                    -0.2494562840630561,
                    0.6450760506402601,
                    2.33615148133061
                ],
                [
                    0.689145369488292,
                    0.1805843116438354,
                    -0.7017606188017165,
                    -0.2788576031381831
                ],
                [
                    0.05856798170527179,
                    0.9513994264921404,
                    0.3023390857785294,
                    -0.7671087412070997
                ],
                [
                    0.0,
                    0.0,
                    0.0,
                    1.0
                ]
            ],
            "colmap_im_id": 29
        },
        {
            "file_path": "images/frame_00028.jpg",
            "transform_matrix": [
                [
                    0.8301080911060267,
                    -0.21909257336160134,
                    0.5127562787310356,
                    1.944189310770529
                ],
                [
                    0.5524284488060596,
                    0.19815741587879773,
                    -0.8096644042329932,
                    -1.172224081117312
                ],
                [
                    0.07578499871372367,
                    0.955370128709302,
                    0.2855250446807292,
                    -0.7219664861158059
                ],
                [
                    0.0,
                    0.0,
                    0.0,
                    1.0
                ]
            ],
            "colmap_im_id": 28
        },
        {
            "file_path": "images/frame_00027.jpg",
            "transform_matrix": [
                [
                    0.917801409836901,
                    -0.12317667304609718,
                    0.3774494394202912,
                    1.137355951483576
                ],
                [
                    0.3948194797256293,
                    0.18274770373343582,
                    -0.9004003860557479,
                    -1.6209441003589329
                ],
                [
                    0.04193030563423774,
                    0.975413135034305,
                    0.21635865009739763,
                    -1.0370078458440652
                ],
                [
                    0.0,
                    0.0,
                    0.0,
                    1.0
                ]
            ],
            "colmap_im_id": 27
        },
        {
            "file_path": "images/frame_00026.jpg",
            "transform_matrix": [
                [
                    0.9852857400447584,
                    0.004438554243142286,
                    0.17085757138822735,
                    0.09363041703708885
                ],
                [
                    0.16843692373026886,
                    0.14440268076542107,
                    -0.9750778781779657,
                    -1.983283610664352
                ],
                [
                    -0.02900022739111033,
                    0.9895090525225074,
                    0.14153028575988008,
                    -1.4517484970087384
                ],
                [
                    0.0,
                    0.0,
                    0.0,
                    1.0
                ]
            ],
            "colmap_im_id": 26
        },
        {
            "file_path": "images/frame_00025.jpg",
            "transform_matrix": [
                [
                    0.9914151314199082,
                    0.10847961149533773,
                    -0.07299459624839812,
                    -1.0389006883992535
                ],
                [
                    -0.08779572501170009,
                    0.13861300858641948,
                    -0.9864473348944136,
                    -2.0402297282168385
                ],
                [
                    -0.09689142305341587,
                    0.9843874276627275,
                    0.14694708026443468,
                    -1.441455854766342
                ],
                [
                    0.0,
                    0.0,
                    0.0,
                    1.0
                ]
            ],
            "colmap_im_id": 25
        },
        {
            "file_path": "images/frame_00024.jpg",
            "transform_matrix": [
                [
                    0.9355619292651417,
                    0.14687182366865606,
                    -0.3211736974316696,
                    -2.272829178240189
                ],
                [
                    -0.33365747779225635,
                    0.06954021896130995,
                    -0.9401259731866378,
                    -1.8642828192385983
                ],
                [
                    -0.11574352691617978,
                    0.9867080750450239,
                    0.1140640636569963,
                    -1.585486562847628
                ],
                [
                    0.0,
                    0.0,
                    0.0,
                    1.0
                ]
            ],
            "colmap_im_id": 24
        },
        {
            "file_path": "images/frame_00023.jpg",
            "transform_matrix": [
                [
                    0.7541318146995895,
                    0.19979600155536392,
                    -0.6255931296141235,
                    -3.8272246545527073
                ],
                [
                    -0.6429259432894727,
                    0.030372359652119187,
                    -0.7653259117621094,
                    -0.9027432000380271
                ],
                [
                    -0.1339083175282478,
                    0.9793666716463509,
                    0.15135879546660852,
                    -1.5139452897210257
                ],
                [
                    0.0,
                    0.0,
                    0.0,
                    1.0
                ]
            ],
            "colmap_im_id": 23
        },
        {
            "file_path": "images/frame_00022.jpg",
            "transform_matrix": [
                [
                    0.6045718089575929,
                    0.22331096703834102,
                    -0.7646078339999824,
                    -4.957822776287995
                ],
                [
                    -0.7767228722686419,
                    -0.04756768158636239,
                    -0.6280437049786018,
                    -0.5594888283718481
                ],
                [
                    -0.17661966908726354,
                    0.9735859118069138,
                    0.1446926564225224,
                    -1.3762572238288462
                ],
                [
                    0.0,
                    0.0,
                    0.0,
                    1.0
                ]
            ],
            "colmap_im_id": 22
        },
        {
            "file_path": "images/frame_00021.jpg",
            "transform_matrix": [
                [
                    0.671144440433213,
                    0.2398344976389045,
                    -0.7014588753575531,
                    -4.486705285741965
                ],
                [
                    -0.7281742523229334,
                    0.03582944648192518,
                    -0.6844548991852828,
                    -0.9197391107571715
                ],
                [
                    -0.13902301366869435,
                    0.9701523924142502,
                    0.19868803980959912,
                    -0.9650764526591139
                ],
                [
                    0.0,
                    0.0,
                    0.0,
                    1.0
                ]
            ],
            "colmap_im_id": 21
        },
        {
            "file_path": "images/frame_00020.jpg",
            "transform_matrix": [
                [
                    0.775775329077529,
                    0.22233029550224456,
                    -0.5905437142977108,
                    -3.9025609495204496
                ],
                [
                    -0.6294172067218701,
                    0.2062102139861542,
                    -0.7492071325943332,
                    -1.2949870280030547
                ],
                [
                    -0.04479529748857809,
                    0.9529147849360241,
                    0.2999113101789272,
                    -0.4116702218560624
                ],
                [
                    0.0,
                    0.0,
                    0.0,
                    1.0
                ]
            ],
            "colmap_im_id": 20
        },
        {
            "file_path": "images/frame_00019.jpg",
            "transform_matrix": [
                [
                    0.8598757495494374,
                    0.2061295075857387,
                    -0.46703781585569065,
                    -3.131764414905991
                ],
                [
                    -0.5100888004864341,
                    0.3100538132161368,
                    -0.8022942406177699,
                    -1.4748225516878393
                ],
                [
                    -0.02056966103522231,
                    0.9281041207820349,
                    0.37175210830915556,
                    -0.08099599820706317
                ],
                [
                    0.0,
                    0.0,
                    0.0,
                    1.0
                ]
            ],
            "colmap_im_id": 19
        },
        {
            "file_path": "images/frame_00018.jpg",
            "transform_matrix": [
                [
                    0.9833527235102231,
                    -0.14785701251050773,
                    -0.10562066566962315,
                    -1.1255789858908078
                ],
                [
                    0.07024911037125191,
                    0.8454216272054572,
                    -0.5294594741293471,
                    0.17620668916861867
                ],
                [
                    0.16757829112708608,
                    0.5132256580732735,
                    0.8417344832179452,
                    1.7991390656745987
                ],
                [
                    0.0,
                    0.0,
                    0.0,
                    1.0
                ]
            ],
            "colmap_im_id": 18
        },
        {
            "file_path": "images/frame_00017.jpg",
            "transform_matrix": [
                [
                    0.9160377531042184,
                    -0.3983780650133666,
                    0.046580599008393606,
                    -0.5220414289147269
                ],
                [
                    0.3549691481159579,
                    0.751144265230379,
                    -0.5565781137426672,
                    0.2467400687262372
                ],
                [
                    0.18673976216544255,
                    0.5263812402885576,
                    0.8294884273446341,
                    1.701492968596861
                ],
                [
                    0.0,
                    0.0,
                    0.0,
                    1.0
                ]
            ],
            "colmap_im_id": 17
        },
        {
            "file_path": "images/frame_00016.jpg",
            "transform_matrix": [
                [
                    0.837053034084781,
                    -0.5350182495211874,
                    0.11444514322917738,
                    -0.14792286933570614
                ],
                [
                    0.521345252548844,
                    0.7165234270941586,
                    -0.4634579873839962,
                    0.7436569231403701
                ],
                [
                    0.16595585489594616,
                    0.44760434661040427,
                    0.8786973330568545,
                    1.749708820685334
                ],
                [
                    0.0,
                    0.0,
                    0.0,
                    1.0
                ]
            ],
            "colmap_im_id": 16
        },
        {
            "file_path": "images/frame_00015.jpg",
            "transform_matrix": [
                [
                    0.6166862714875073,
                    -0.7591664547692437,
                    0.20824105385810493,
                    0.302981269352725
                ],
                [
                    0.7553193950226298,
                    0.4960969405123274,
                    -0.4282294211248881,
                    0.8645133075882404
                ],
                [
                    0.22178966175519776,
                    0.4213717118737396,
                    0.8793493198786866,
                    1.7599614971383166
                ],
                [
                    0.0,
                    0.0,
                    0.0,
                    1.0
                ]
            ],
            "colmap_im_id": 15
        },
        {
            "file_path": "images/frame_00014.jpg",
            "transform_matrix": [
                [
                    0.2776462701397065,
                    -0.9157091686133145,
                    0.2904983084202403,
                    0.72641945246533
                ],
                [
                    0.9134731401027731,
                    0.1580152356392237,
                    -0.37496400842835537,
                    0.9009698481600606
                ],
                [
                    0.29745482176002497,
                    0.3694697603639472,
                    0.8803480704745816,
                    2.1255188158221414
                ],
                [
                    0.0,
                    0.0,
                    0.0,
                    1.0
                ]
            ],
            "colmap_im_id": 14
        },
        {
            "file_path": "images/frame_00001.jpg",
            "transform_matrix": [
                [
                    0.7214561917539738,
                    -0.41126530564017666,
                    0.5571012580819985,
                    1.8030950664393393
                ],
                [
                    0.6765330091125218,
                    0.24707225679275843,
                    -0.6937278915428512,
                    -0.18788928987617645
                ],
                [
                    0.14766194825008158,
                    0.8773916732566049,
                    0.4564863642420931,
                    -0.14501353647097184
                ],
                [
                    0.0,
                    0.0,
                    0.0,
                    1.0
                ]
            ],
            "colmap_im_id": 1
        },
        {
            "file_path": "images/frame_00002.jpg",
            "transform_matrix": [
                [
                    0.3462155323021418,
                    -0.4912264834947177,
                    0.7992692582016142,
                    2.828923590980248
                ],
                [
                    0.9163951195455974,
                    -0.005351091681004718,
                    -0.40023911689242986,
                    1.0130766024380644
                ],
                [
                    0.20088501702654507,
                    0.8710154463218408,
                    0.4483049210113685,
                    -0.1270771189008682
                ],
                [
                    0.0,
                    0.0,
                    0.0,
                    1.0
                ]
            ],
            "colmap_im_id": 2
        },
        {
            "file_path": "images/frame_00003.jpg",
            "transform_matrix": [
                [
                    0.10051738487514097,
                    -0.48668817130295733,
                    0.8677735184088334,
                    3.3080538275705793
                ],
                [
                    0.982866450827589,
                    -0.08686495426675941,
                    -0.16256696945508994,
                    1.954988682378849
                ],
                [
                    0.1544985280688497,
                    0.8692462847973622,
                    0.46961803754811393,
                    0.026805962049214958
                ],
                [
                    0.0,
                    0.0,
                    0.0,
                    1.0
                ]
            ],
            "colmap_im_id": 3
        },
        {
            "file_path": "images/frame_00036.jpg",
            "transform_matrix": [
                [
                    0.9166798516996234,
                    -0.36676074764386857,
                    -0.15869657676102278,
                    -1.3595674854394912
                ],
                [
                    0.2843523126119002,
                    0.8776559215861907,
                    -0.38582877759047296,
                    0.9614935043469021
                ],
                [
                    0.28078784126137085,
                    0.30855572801749304,
                    0.9088187668107292,
                    2.008064278994034
                ],
                [
                    0.0,
                    0.0,
                    0.0,
                    1.0
                ]
            ],
            "colmap_im_id": 36
        },
        {
            "file_path": "images/frame_00007.jpg",
            "transform_matrix": [
                [
                    -0.6344425077212417,
                    -0.2764013388272708,
                    0.7218621781828398,
                    2.431097956250058
                ],
                [
                    0.7538626595278158,
                    -0.4276181161267904,
                    0.4988324742133607,
                    4.86527141096698
                ],
                [
                    0.1708033810146346,
                    0.8606654673301742,
                    0.47966775832788944,
                    -0.1617713325845889
                ],
                [
                    0.0,
                    0.0,
                    0.0,
                    1.0
                ]
            ],
            "colmap_im_id": 7
        },
        {
            "file_path": "images/frame_00037.jpg",
            "transform_matrix": [
                [
                    0.9505260179645556,
                    -0.28564867635995134,
                    -0.12208653843177339,
                    -1.2206840988201955
                ],
                [
                    0.17057645323675555,
                    0.8083992560475963,
                    -0.5633775966639615,
                    -0.059328289069286076
                ],
                [
                    0.25962273161958305,
                    0.5146799748537921,
                    0.8171294638616856,
                    1.9432145261603193
                ],
                [
                    0.0,
                    0.0,
                    0.0,
                    1.0
                ]
            ],
            "colmap_im_id": 37
        },
        {
            "file_path": "images/frame_00008.jpg",
            "transform_matrix": [
                [
                    -0.7482322651884822,
                    -0.24631415374602783,
                    0.6160177067222085,
                    1.896163498212882
                ],
                [
                    0.6481609955900367,
                    -0.4695056503802549,
                    0.5995429659805414,
                    5.15353284747665
                ],
                [
                    0.141547875740483,
                    0.8478760416036013,
                    0.5109505034227529,
                    -0.02714889737226773
                ],
                [
                    0.0,
                    0.0,
                    0.0,
                    1.0
                ]
            ],
            "colmap_im_id": 8
        },
        {
            "file_path": "images/frame_00038.jpg",
            "transform_matrix": [
                [
                    0.9866759452638246,
                    -0.12815951963442315,
                    -0.10022832216899606,
                    -1.041682289709767
                ],
                [
                    0.012475880855757277,
                    0.6738241271845998,
                    -0.7387864360021675,
                    -1.148142488265678
                ],
                [
                    0.16221877645516597,
                    0.7276923684847779,
                    0.6664449605289268,
                    1.3515644646701195
                ],
                [
                    0.0,
                    0.0,
                    0.0,
                    1.0
                ]
            ],
            "colmap_im_id": 38
        },
        {
            "file_path": "images/frame_00009.jpg",
            "transform_matrix": [
                [
                    -0.7701541952588749,
                    -0.24425921838408549,
                    0.5892367518744479,
                    1.8961290169937874
                ],
                [
                    0.6255697726967542,
                    -0.46968921262576036,
                    0.6229402082311944,
                    5.452837473623588
                ],
                [
                    0.12459925767549884,
                    0.8483687156993645,
                    0.5145343012951864,
                    0.11195264104551426
                ],
                [
                    0.0,
                    0.0,
                    0.0,
                    1.0
                ]
            ],
            "colmap_im_id": 9
        },
        {
            "file_path": "images/frame_00039.jpg",
            "transform_matrix": [
                [
                    0.999498527308391,
                    0.008227570934826787,
                    -0.030577785807185797,
                    -0.8293597668514145
                ],
                [
                    -0.031627754082841096,
                    0.3064276016762064,
                    -0.9513683882191186,
                    -2.4161971812754097
                ],
                [
                    0.001542426670240058,
                    0.951858409642674,
                    0.30653415619223645,
                    -0.4150339467499593
                ],
                [
                    0.0,
                    0.0,
                    0.0,
                    1.0
                ]
            ],
            "colmap_im_id": 39
        },
        {
            "file_path": "images/frame_00010.jpg",
            "transform_matrix": [
                [
                    -0.7217916917052369,
                    -0.3529723891377687,
                    0.5953379261324344,
                    1.9741432610272687
                ],
                [
                    0.6683712707559363,
                    -0.578836409216359,
                    0.4671490723458703,
                    4.809063734144798
                ],
                [
                    0.179712543283398,
                    0.7350910854253966,
                    0.6537159152986297,
                    0.7323465037950738
                ],
                [
                    0.0,
                    0.0,
                    0.0,
                    1.0
                ]
            ],
            "colmap_im_id": 10
        },
        {
            "file_path": "images/frame_00040.jpg",
            "transform_matrix": [
                [
                    0.9983897044534646,
                    0.029999717190152386,
                    -0.04814576834815923,
                    -0.8985532348588366
                ],
                [
                    -0.05176484690090765,
                    0.13464384826723727,
                    -0.9895410222669471,
                    -2.7699794917989924
                ],
                [
                    -0.023203419287883588,
                    0.9904398270931457,
                    0.1359799626454229,
                    -1.3363484259554277
                ],
                [
                    0.0,
                    0.0,
                    0.0,
                    1.0
                ]
            ],
            "colmap_im_id": 40
        },
        {
            "file_path": "images/frame_00011.jpg",
            "transform_matrix": [
                [
                    -0.7913423805570637,
                    -0.5431963452112347,
                    0.2805618778156422,
                    0.6131211190550293
                ],
                [
                    0.6038927355094509,
                    -0.766061226562202,
                    0.22014486402578004,
                    3.6857333880418217
                ],
                [
                    0.09534569069021796,
                    0.3436392406393263,
                    0.9342490415085442,
                    1.9353616825167357
                ],
                [
                    0.0,
                    0.0,
                    0.0,
                    1.0
                ]
            ],
            "colmap_im_id": 11
        },
        {
            "file_path": "images/frame_00041.jpg",
            "transform_matrix": [
                [
                    0.9987827183948461,
                    0.002087404831144839,
                    -0.04928208778930365,
                    -0.9224696582582863
                ],
                [
                    -0.0493158485869254,
                    0.021716111632357843,
                    -0.9985471233615981,
                    -2.8067404909648666
                ],
                [
                    -0.001014156769522602,
                    0.9997619982959153,
                    0.021792619149724662,
                    -1.9783542256776354
                ],
                [
                    0.0,
                    0.0,
                    0.0,
                    1.0
                ]
            ],
            "colmap_im_id": 41
        },
        {
            "file_path": "images/frame_00012.jpg",
            "transform_matrix": [
                [
                    -0.5693900351592479,
                    -0.7773842176315259,
                    0.2673364285666471,
                    0.49169977626696715
                ],
                [
                    0.7871740523009204,
                    -0.6093265002947523,
                    -0.09527973248648633,
                    2.2726171306794027
                ],
                [
                    0.23696413071496114,
                    0.15618896957201947,
                    0.9588811222140797,
                    1.9216936914462024
                ],
                [
                    0.0,
                    0.0,
                    0.0,
                    1.0
                ]
            ],
            "colmap_im_id": 12
        },
        {
            "file_path": "images/frame_00042.jpg",
            "transform_matrix": [
                [
                    0.9959308888696616,
                    -0.010744842374083546,
                    -0.08947744384838806,
                    -1.097704623124602
                ],
                [
                    -0.09003824783203068,
                    -0.07628157780346778,
                    -0.9930127062707462,
                    -2.8703727166010635
                ],
                [
                    0.00384428440976506,
                    0.9970284194796905,
                    -0.07693862636678177,
                    -2.556604488790665
                ],
                [
                    0.0,
                    0.0,
                    0.0,
                    1.0
                ]
            ],
            "colmap_im_id": 42
        },
        {
            "file_path": "images/frame_00013.jpg",
            "transform_matrix": [
                [
                    -0.23226143725081505,
                    -0.9334188131325731,
                    0.2734665318761416,
                    0.6021659495030881
                ],
                [
                    0.9267975828242644,
                    -0.2976941203838902,
                    -0.22896386431042462,
                    1.6290923814084413
                ],
                [
                    0.29512855713618524,
                    0.20026864452290277,
                    0.9342331640354419,
                    1.9074684901936916
                ],
                [
                    0.0,
                    0.0,
                    0.0,
                    1.0
                ]
            ],
            "colmap_im_id": 13
        },
        {
            "file_path": "images/frame_00043.jpg",
            "transform_matrix": [
                [
                    0.994348035040935,
                    -0.038778458339057034,
                    -0.09883428746683663,
                    -1.1529107379104102
                ],
                [
                    -0.10430791867908673,
                    -0.183251723167025,
                    -0.9775165799397743,
                    -2.6172495818042596
                ],
                [
                    0.01979503248464913,
                    0.9823008893028459,
                    -0.18626089112792743,
                    -3.0991139419485108
                ],
                [
                    0.0,
                    0.0,
                    0.0,
                    1.0
                ]
            ],
            "colmap_im_id": 43
        },
        {
            "file_path": "images/frame_00044.jpg",
            "transform_matrix": [
                [
                    0.9901397383019113,
                    -0.06739386512904956,
                    -0.12280621148130243,
                    -1.3050090311946414
                ],
                [
                    -0.13593467306400128,
                    -0.2504787191992359,
                    -0.9585312597340232,
                    -2.7016869944394006
                ],
                [
                    0.03383878387894562,
                    0.9657735128751864,
                    -0.2571700965009661,
                    -3.5245270341533965
                ],
                [
                    0.0,
                    0.0,
                    0.0,
                    1.0
                ]
            ],
            "colmap_im_id": 44
        },
        {
            "file_path": "images/frame_00045.jpg",
            "transform_matrix": [
                [
                    0.9994436360261579,
                    -0.0028348564682872004,
                    0.03323224331304119,
                    -0.4419167282332717
                ],
                [
                    0.03054448528107556,
                    -0.32239495926156564,
                    -0.9461123213771436,
                    -2.6611905161462683
                ],
                [
                    0.013396000363060566,
                    0.9466010003330534,
                    -0.3221290010892146,
                    -3.9048866701382083
                ],
                [
                    0.0,
                    0.0,
                    0.0,
                    1.0
                ]
            ],
            "colmap_im_id": 45
        },
        {
            "file_path": "images/frame_00046.jpg",
            "transform_matrix": [
                [
                    0.9743455331032735,
                    0.07366012210194194,
                    0.21266162919912132,
                    0.5044151670434308
                ],
                [
                    0.22495666476808826,
                    -0.3470086309735819,
                    -0.9104831184630816,
                    -2.267286437172415
                ],
                [
                    0.006729123131251179,
                    0.9349648102692246,
                    -0.35467664493185475,
                    -3.927948170631702
                ],
                [
                    0.0,
                    0.0,
                    0.0,
                    1.0
                ]
            ],
            "colmap_im_id": 46
        },
        {
            "file_path": "images/frame_00047.jpg",
            "transform_matrix": [
                [
                    0.9264462538936932,
                    0.09252078332164426,
                    0.36487976553913154,
                    1.4185184487850233
                ],
                [
                    0.3745162434435413,
                    -0.3240966877791907,
                    -0.8687340907133183,
                    -1.9209075198338432
                ],
                [
                    0.0378803648778677,
                    0.9414888430693733,
                    -0.33490869850246124,
                    -3.8414351968326215
                ],
                [
                    0.0,
                    0.0,
                    0.0,
                    1.0
                ]
            ],
            "colmap_im_id": 47
        },
        {
            "file_path": "images/frame_00048.jpg",
            "transform_matrix": [
                [
                    0.802856721248647,
                    0.13768902812765857,
                    0.5800541497818398,
                    2.458864574522269
                ],
                [
                    0.590063054953817,
                    -0.32245349340037177,
                    -0.7401684509437463,
                    -1.2260988730949987
                ],
                [
                    0.08512741229733785,
                    0.9365177393552976,
                    -0.340129163037223,
                    -3.9815039424016088
                ],
                [
                    0.0,
                    0.0,
                    0.0,
                    1.0
                ]
            ],
            "colmap_im_id": 48
        },
        {
            "file_path": "images/frame_00035.jpg",
            "transform_matrix": [
                [
                    0.72147509202753,
                    -0.6133274828298526,
                    -0.32140798121618536,
                    -2.1499291912854934
                ],
                [
                    0.6200380249300326,
                    0.778865604748211,
                    -0.09445219627445588,
                    2.237263281963361
                ],
                [
                    0.30826374944960905,
                    -0.1311402628707172,
                    0.9422184949519236,
                    2.256725806044472
                ],
                [
                    0.0,
                    0.0,
                    0.0,
                    1.0
                ]
            ],
            "colmap_im_id": 35
        },
        {
            "file_path": "images/frame_00006.jpg",
            "transform_matrix": [
                [
                    -0.47984485326911475,
                    -0.30522494800364547,
                    0.8225488726557919,
                    3.091039762950494
                ],
                [
                    0.8472824859600923,
                    -0.4045646623199924,
                    0.3441508724196363,
                    4.369815325495838
                ],
                [
                    0.22773077476798814,
                    0.8620702785261087,
                    0.45274002375037425,
                    -0.04485605207685484
                ],
                [
                    0.0,
                    0.0,
                    0.0,
                    1.0
                ]
            ],
            "colmap_im_id": 6
        },
        {
            "file_path": "images/frame_00034.jpg",
            "transform_matrix": [
                [
                    0.7251124147033293,
                    -0.6462922682635474,
                    -0.23773575672554148,
                    -1.6849946697656892
                ],
                [
                    0.6231376284487229,
                    0.762751156930974,
                    -0.17294556545850562,
                    1.8733470283632034
                ],
                [
                    0.29310660527256666,
                    -0.0227371190615667,
                    0.9558093645504693,
                    2.3817550536385226
                ],
                [
                    0.0,
                    0.0,
                    0.0,
                    1.0
                ]
            ],
            "colmap_im_id": 34
        },
        {
            "file_path": "images/frame_00005.jpg",
            "transform_matrix": [
                [
                    -0.3653340397105019,
                    -0.355392828853435,
                    0.860364444074928,
                    3.3822479405250574
                ],
                [
                    0.9057712150053917,
                    -0.3489198843498537,
                    0.24048580077198362,
                    3.8103462242834034
                ],
                [
                    0.2147313332899112,
                    0.8671509969462285,
                    0.4493769052796319,
                    -0.029147275679257408
                ],
                [
                    0.0,
                    0.0,
                    0.0,
                    1.0
                ]
            ],
            "colmap_im_id": 5
        },
        {
            "file_path": "images/frame_00033.jpg",
            "transform_matrix": [
                [
                    0.7158589280693988,
                    -0.6784636053305805,
                    -0.16502463860030525,
                    -1.3715885211274428
                ],
                [
                    0.6513599633760856,
                    0.7340165164756927,
                    -0.19222370210666534,
                    1.776455229902393
                ],
                [
                    0.25154759631933554,
                    0.030114610784762366,
                    0.9673763057896578,
                    2.3607390900434635
                ],
                [
                    0.0,
                    0.0,
                    0.0,
                    1.0
                ]
            ],
            "colmap_im_id": 33
        },
        {
            "file_path": "images/frame_00004.jpg",
            "transform_matrix": [
                [
                    -0.12480076760659134,
                    -0.4162046849636471,
                    0.9006655475919563,
                    3.3814335374831312
                ],
                [
                    0.9664264290574544,
                    -0.2564821432707351,
                    0.015390497149503454,
                    2.7757083726342717
                ],
                [
                    0.2245990329989523,
                    0.8723477347924745,
                    0.4342403758039712,
                    -0.1705107150602707
                ],
                [
                    0.0,
                    0.0,
                    0.0,
                    1.0
                ]
