{
    "w": 3072,
    "h": 4096,
    "fl_x": 2861.8668158806677,
    "fl_y": 2859.706284394293,
    "cx": 1525.729107156428,
    "cy": 2053.4191160124524,
    "k1": 0.02626650055639474,
    "k2": -0.046302787962905295,
    "p1": -9.300471887507037e-06,
    "p2": 0.000510237350875565,
    "camera_model": "OPENCV",
    "frames": [
        {
            "file_path": "images/frame_00059.jpg",
            "transform_matrix": [
                [
                    0.9893322678216734,
                    -0.059344870940173974,
                    0.13304078374663297,
                    0.47031107685628165
                ],
                [
                    0.08499553244337003,
                    -0.5065535330937646,
                    -0.8580089029694808,
                    -1.8045933369880844
                ],
                [
                    0.11831070666466456,
                    0.8601637660372112,
                    -0.49610570676539223,
                    -3.940864264624544
                ],
                [
                    0.0,
                    0.0,
                    0.0,
                    1.0
                ]
            ],
            "colmap_im_id": 59
        },
        {
            "file_path": "images/frame_00058.jpg",
            "transform_matrix": [
                [
                    0.9981152026951035,
                    -0.05746377031678773,
                    -0.02153966689370599,
                    -0.20346330177591265
                ],
                [
                    -0.046953925353501826,
                    -0.48909215559907576,
                    -0.8709673887266658,
                    -1.7363912334790397
                ],
                [
                    0.039514187867272774,
                    0.8703371636512073,
                    -0.49086846560434183,
                    -3.8642512804871947
                ],
                [
                    0.0,
                    0.0,
                    0.0,
                    1.0
                ]
            ],
            "colmap_im_id": 58
        },
        {
            "file_path": "images/frame_00057.jpg",
            "transform_matrix": [
                [
                    0.9624083565328602,
                    -0.025863778658912824,
                    -0.2703723732728652,
                    -1.2141521224707281
                ],
                [
                    -0.2493654156377783,
                    -0.47865987899201734,
                    -0.8418441718793006,
                    -1.645741382173911
                ],
                [
                    -0.10764313614679218,
                    0.8776193851532851,
                    -0.4671157993941686,
                    -3.758969068778249
                ],
                [
                    0.0,
                    0.0,
                    0.0,
                    1.0
                ]
            ],
            "colmap_im_id": 57
        },
        {
            "file_path": "images/frame_00056.jpg",
            "transform_matrix": [
                [
                    0.9018083299366666,
                    -0.01512807116045319,
                    -0.4318713668672701,
                    -1.9986227949660986
                ],
                [
                    -0.3871938264008935,
                    -0.47206990274073674,
                    -0.7919791333888703,
                    -1.3889925060930521
                ],
                [
                    -0.1918923574660405,
                    0.8814313066764281,
                    -0.4315740663626693,
                    -3.590477009051905
                ],
                [
                    0.0,
                    0.0,
                    0.0,
                    1.0
                ]
            ],
            "colmap_im_id": 56
        },
        {
            "file_path": "images/frame_00055.jpg",
            "transform_matrix": [
                [
                    0.840430050010615,
                    0.005917354790047354,
                    -0.5418877337156135,
                    -2.646419608751365
                ],
                [
                    -0.474605020392695,
                    -0.47463708394185505,
                    -0.7412622431806587,
                    -1.2377174452418984
                ],
                [
                    -0.26158632544000565,
                    0.8801617030179517,
                    -0.3960908619033446,
                    -3.4357569943990836
                ],
                [
                    0.0,
                    0.0,
                    0.0,
                    1.0
                ]
            ],
            "colmap_im_id": 55
        },
        {
            "file_path": "images/frame_00054.jpg",
            "transform_matrix": [
                [
                    0.7945970974712048,
                    0.01427914840146697,
                    -0.6069691578748178,
                    -3.156315427756326
                ],
                [
                    -0.5318344568041473,
                    -0.46586030794186917,
                    -0.7071960718500522,
                    -0.8916381769580973
                ],
                [
                    -0.292860996457661,
                    0.8847430584103136,
                    -0.36257710538393095,
                    -3.175150188441949
                ],
                [
                    0.0,
                    0.0,
                    0.0,
                    1.0
                ]
            ],
            "colmap_im_id": 54
        },
        {
            "file_path": "images/frame_00053.jpg",
            "transform_matrix": [
                [
                    0.6418146614749966,
                    0.03859773816891265,
                    -0.7658878213707148,
                    -3.902135295121131
                ],
                [
                    -0.6678697350335211,
                    -0.4626767240024053,
                    -0.5829925094653073,
                    -0.3819805341173385
                ],
                [
                    -0.37686066037992083,
                    0.8856864364291948,
                    -0.2711744438241993,
                    -2.7871507548335206
                ],
                [
                    0.0,
                    0.0,
                    0.0,
                    1.0
                ]
            ],
            "colmap_im_id": 53
        },
        {
            "file_path": "images/frame_00052.jpg",
            "transform_matrix": [
                [
                    0.42956002524100423,
                    0.07274358570924425,
                    -0.9001036359514996,
                    -4.395259701130332
                ],
                [
                    -0.7896918603550238,
                    -0.4532197704041894,
                    -0.413495592967803,
                    0.3866431299888838
                ],
                [
                    -0.43802391533336293,
                    0.8884256921391543,
                    -0.13724007848691744,
                    -2.2563177949186293
                ],
                [
                    0.0,
                    0.0,
                    0.0,
                    1.0
                ]
            ],
            "colmap_im_id": 52
        },
        {
            "file_path": "images/frame_00051.jpg",
            "transform_matrix": [
                [
                    0.18025768167119657,
                    0.1049266218050144,
                    -0.9780069387458924,
                    -4.596223965567985
                ],
                [
                    -0.8645359078802513,
                    -0.4573223637002285,
                    -0.20840806041346968,
                    1.3829610697846133
                ],
                [
                    -0.469131998678617,
                    0.8830892705135894,
                    0.00827696318601131,
                    -1.5918671182188775
                ],
                [
                    0.0,
                    0.0,
                    0.0,
                    1.0
                ]
            ],
            "colmap_im_id": 51
        },
        {
            "file_path": "images/frame_00050.jpg",
            "transform_matrix": [
                [
                    0.034647988075794965,
                    0.11979104858900386,
                    -0.9921943466883114,
                    -4.5477165941055455
                ],
                [
                    -0.8821260270385722,
                    -0.462965256370426,
                    -0.08669973365016018,
                    2.013050427183676
                ],
                [
                    -0.46973736209018185,
                    0.8782444284319784,
                    0.08962998708437307,
                    -1.1623132397397429
                ],
                [
                    0.0,
                    0.0,
                    0.0,
                    1.0
                ]
            ],
            "colmap_im_id": 50
        },
        {
            "file_path": "images/frame_00049.jpg",
            "transform_matrix": [
                [
                    -0.11195361300118714,
                    0.13893641840276064,
                    -0.9839527733470723,
                    -4.382407675878941
                ],
                [
                    -0.8850859014107143,
                    -0.46409676091259805,
                    0.035173052674161015,
                    2.6768175216157926
                ],
                [
                    -0.45176247703850414,
                    0.874820477670618,
                    0.17492797428709667,
                    -0.7201822831836526
                ],
                [
                    0.0,
                    0.0,
                    0.0,
                    1.0
                ]
            ],
            "colmap_im_id": 49
        },
        {
            "file_path": "images/frame_00048.jpg",
            "transform_matrix": [
                [
                    -0.2458249343415603,
                    0.15208605348152857,
                    -0.9573086931561735,
                    -4.347165166593588
                ],
                [
                    -0.8662937607393605,
                    -0.4775430712452902,
                    0.14658695443207373,
                    3.189362544600847
                ],
                [
                    -0.4348623020681635,
                    0.8653452764313383,
                    0.2491431933606615,
                    -0.39535913787050553
                ],
                [
                    0.0,
                    0.0,
                    0.0,
                    1.0
                ]
            ],
            "colmap_im_id": 48
        },
        {
            "file_path": "images/frame_00047.jpg",
            "transform_matrix": [
                [
                    -0.3243250717870557,
                    0.15617555433604793,
                    -0.9329643316001685,
                    -4.1339316232766805
                ],
                [
                    -0.8475169675063294,
                    -0.48604058483875984,
                    0.2132593249508017,
                    3.7858748861400215
                ],
                [
                    -0.4201526360731257,
                    0.8598684469832722,
                    0.2899965797787607,
                    -0.021860992066251455
                ],
                [
                    0.0,
                    0.0,
                    0.0,
                    1.0
                ]
            ],
            "colmap_im_id": 47
        },
        {
            "file_path": "images/frame_00046.jpg",
            "transform_matrix": [
                [
                    -0.45487835306451874,
                    0.16095885884071937,
                    -0.8758869388648294,
                    -3.864731051684523
                ],
                [
                    -0.8031086670678353,
                    -0.49916128454681535,
                    0.32535285597347274,
                    4.377723140650922
                ],
                [
                    -0.3848404251034875,
                    0.8514283632639134,
                    0.35632511760455576,
                    0.3384909015596838
                ],
                [
                    0.0,
                    0.0,
                    0.0,
                    1.0
                ]
            ],
            "colmap_im_id": 46
        },
        {
            "file_path": "images/frame_00045.jpg",
            "transform_matrix": [
                [
                    -0.566786226774631,
                    0.15744497062742463,
                    -0.808680687516838,
                    -3.6540510428738076
                ],
                [
                    -0.7481504425654582,
                    -0.5094003173902438,
                    0.42518493850538436,
                    4.862340029276237
                ],
                [
                    -0.3449989687342342,
                    0.8460037812367319,
                    0.4065136082660293,
                    0.6356739045632184
                ],
                [
                    0.0,
                    0.0,
                    0.0,
                    1.0
                ]
            ],
            "colmap_im_id": 45
        },
        {
            "file_path": "images/frame_00044.jpg",
            "transform_matrix": [
                [
                    -0.5682410030606992,
                    0.19505841481513106,
                    -0.799408767308928,
                    -3.4820928909964306
                ],
                [
                    -0.7461562548252118,
                    -0.531728380672994,
                    0.40064419697793,
                    4.568727889509496
                ],
                [
                    -0.3469193073695742,
                    0.8241463122508552,
                    0.4476939246600639,
                    1.6082109909622515
                ],
                [
                    0.0,
                    0.0,
                    0.0,
                    1.0
                ]
            ],
            "colmap_im_id": 44
        },
        {
            "file_path": "images/frame_00043.jpg",
            "transform_matrix": [
                [
                    -0.5360586936073237,
                    0.27833903595286447,
                    -0.7969745655118727,
                    -3.277643845519386
                ],
                [
                    -0.7607404605332486,
                    -0.5685262601462866,
                    0.31313230946636084,
                    4.288570503895288
                ],
                [
                    -0.36594402401961584,
                    0.7741480947395702,
                    0.5165072106906388,
                    1.7901646742111263
                ],
                [
                    0.0,
                    0.0,
                    0.0,
                    1.0
                ]
            ],
            "colmap_im_id": 43
        },
        {
            "file_path": "images/frame_00042.jpg",
            "transform_matrix": [
                [
                    -0.5739378633941249,
                    0.36092594673921824,
                    -0.7350699217985909,
                    -3.0738985658814295
                ],
                [
                    -0.7325756617417231,
                    -0.6274425852751652,
                    0.2639104052645404,
                    3.693499776563827
                ],
                [
                    -0.3659620592168863,
                    0.6899625085130469,
                    0.6245186210675548,
                    2.344693657245366
                ],
                [
                    0.0,
                    0.0,
                    0.0,
                    1.0
                ]
            ],
            "colmap_im_id": 42
        },
        {
            "file_path": "images/frame_00041.jpg",
            "transform_matrix": [
                [
                    -0.5739053685973252,
                    0.36097379721382,
                    -0.735071796235038,
                    -3.0734390142733568
                ],
                [
                    -0.7327067975584266,
                    -0.6272344425209222,
                    0.2640411008292911,
                    3.6938945606103877
                ],
                [
                    -0.36575042953747083,
                    0.6901267070911719,
                    0.62446116889095,
                    2.344908623902992
                ],
                [
                    0.0,
                    0.0,
                    0.0,
                    1.0
                ]
            ],
            "colmap_im_id": 41
        },
        {
            "file_path": "images/frame_00040.jpg",
            "transform_matrix": [
                [
                    -0.5870204683364935,
                    0.45528445782403276,
                    -0.6694199221847825,
                    -2.8373596001501924
                ],
                [
                    -0.7230819315949807,
                    -0.6667293145387604,
                    0.18062264901043307,
                    3.301467161231857
                ],
                [
                    -0.36408720103139475,
                    0.5900746423958168,
                    0.7205917196627877,
                    2.5947115324185326
                ],
                [
                    0.0,
                    0.0,
                    0.0,
                    1.0
                ]
            ],
            "colmap_im_id": 40
        },
        {
            "file_path": "images/frame_00039.jpg",
            "transform_matrix": [
                [
                    -0.5830699955712775,
                    0.519789702784218,
                    -0.624378126734117,
                    -2.666942891055049
                ],
                [
                    -0.7173759249676931,
                    -0.6901247419253977,
                    0.0953919433660421,
                    2.947322458816233
                ],
                [
                    -0.38131504368600166,
                    0.5035340161914563,
                    0.7752756490415812,
                    2.8589729742532204
                ],
                [
                    0.0,
                    0.0,
                    0.0,
                    1.0
                ]
            ],
            "colmap_im_id": 39
        },
        {
            "file_path": "images/frame_00038.jpg",
            "transform_matrix": [
                [
                    -0.5935566591398264,
                    0.5593365714734247,
                    -0.5786476407997567,
                    -2.55697261754806
                ],
                [
                    -0.7035747189908322,
                    -0.7097258807972668,
                    0.03566214973212305,
                    2.6280327050382697
                ],
                [
                    -0.39073406197533017,
                    0.4282893577231389,
                    0.8147975938068057,
                    3.104981146533342
                ],
                [
                    0.0,
                    0.0,
                    0.0,
                    1.0
                ]
            ],
            "colmap_im_id": 38
        },
        {
            "file_path": "images/frame_00037.jpg",
            "transform_matrix": [
                [
                    -0.5700175259098578,
                    0.6475543489605642,
                    -0.5057206593544139,
                    -2.3239452465904
                ],
                [
                    -0.7016961635540137,
                    -0.7038750877726633,
                    -0.1103737055036365,
                    2.3005052978308385
                ],
                [
                    -0.4274371465013095,
                    0.29194729996231306,
                    0.8556075384401033,
                    3.382714673297577
                ],
                [
                    0.0,
                    0.0,
                    0.0,
                    1.0
                ]
            ],
            "colmap_im_id": 37
        },
        {
            "file_path": "images/frame_00025.jpg",
            "transform_matrix": [
                [
                    0.9345881439221178,
                    0.2947987322625431,
                    -0.19909472292506422,
                    -1.1353938561420722
                ],
                [
                    -0.2758100299707977,
                    0.2470309450856271,
                    -0.9289265522836612,
                    -1.8538384408397008
                ],
                [
                    -0.22466381241249858,
                    0.9230760638357488,
                    0.31218063963958803,
                    0.6133491159172633
                ],
                [
                    0.0,
                    0.0,
                    0.0,
                    1.0
                ]
            ],
            "colmap_im_id": 25
        },
        {
            "file_path": "images/frame_00026.jpg",
            "transform_matrix": [
                [
                    0.8403976196121717,
                    0.43982514466324296,
                    -0.3166791484644238,
                    -1.6361414911863037
                ],
                [
                    -0.4267740106828309,
                    0.17688899894665638,
                    -0.8868901994369657,
                    -1.7410485138978005
                ],
                [
                    -0.33405955270862425,
                    0.8804908427539762,
                    0.33636303463743855,
                    0.7370565358530505
                ],
                [
                    0.0,
                    0.0,
                    0.0,
                    1.0
                ]
            ],
            "colmap_im_id": 26
        },
        {
            "file_path": "images/frame_00027.jpg",
            "transform_matrix": [
                [
                    0.7631007180022926,
                    0.5192627401345823,
                    -0.3847642146721949,
                    -2.032820680161836
                ],
                [
                    -0.5173078563734057,
                    0.13390690592101726,
                    -0.8452582577419827,
                    -1.4582069955951784
                ],
                [
                    -0.38738853354060115,
                    0.8440587344815437,
                    0.3708031510473952,
                    0.9521751880399053
                ],
                [
                    0.0,
                    0.0,
                    0.0,
                    1.0
                ]
            ],
            "colmap_im_id": 27
        },
        {
            "file_path": "images/frame_00028.jpg",
            "transform_matrix": [
                [
                    0.5778149037174871,
                    0.6472293144146996,
                    -0.49721640319304566,
                    -2.359140115645526
                ],
                [
                    -0.663802159185855,
                    0.018220623149870538,
                    -0.7476862325549583,
                    -0.9093521575501079
                ],
                [
                    -0.47486485498734055,
                    0.7620775704968021,
                    0.4401603640078733,
                    1.3418919941625098
                ],
                [
                    0.0,
                    0.0,
                    0.0,
                    1.0
                ]
            ],
            "colmap_im_id": 28
        },
        {
            "file_path": "images/frame_00029.jpg",
            "transform_matrix": [
                [
                    0.4420807005027955,
                    0.7052660502535423,
                    -0.5542241898390269,
                    -2.541799160772194
                ],
                [
                    -0.7365859173038545,
                    -0.06715671574227298,
                    -0.6730016062093395,
                    -0.5645738067310109
                ],
                [
                    -0.5118650610000618,
                    0.7057547547770965,
                    0.48980035263046057,
                    1.5735117426022365
                ],
                [
                    0.0,
                    0.0,
                    0.0,
                    1.0
                ]
            ],
            "colmap_im_id": 29
        },
        {
            "file_path": "images/frame_00060.jpg",
            "transform_matrix": [
                [
                    0.9399857584510608,
                    -0.08944037915959978,
                    0.32928284571925553,
                    1.3059996343731943
                ],
                [
                    0.23996046807923543,
                    -0.5128011332797296,
                    -0.824289980204915,
                    -1.588789757094729
                ],
                [
                    0.24258142482139533,
                    0.853835708015782,
                    -0.46056360695218823,
                    -3.8108270693565816
                ],
                [
                    0.0,
                    0.0,
                    0.0,
                    1.0
                ]
            ],
            "colmap_im_id": 60
        },
        {
            "file_path": "images/frame_00001.jpg",
            "transform_matrix": [
                [
                    0.9946891338951594,
                    0.06223351083147795,
                    -0.08197875969106787,
                    -0.5046140646839263
                ],
                [
                    -0.0842486167128505,
                    0.03476603561330478,
                    -0.9958380859104083,
                    -1.3954457531186815
                ],
                [
                    -0.05912442382694945,
                    0.9974559202778448,
                    0.039824485053902604,
                    -1.0560811023121135
                ],
                [
                    0.0,
                    0.0,
                    0.0,
                    1.0
                ]
            ],
            "colmap_im_id": 1
        },
        {
            "file_path": "images/frame_00061.jpg",
            "transform_matrix": [
                [
                    0.8400153855270167,
                    -0.08770796158684377,
                    0.5354264333708024,
                    2.4998617770254055
                ],
                [
                    0.4161496251821313,
                    -0.529044721220891,
                    -0.7395479513926608,
                    -1.1014566634415326
                ],
                [
                    0.3481287714893286,
                    0.8440491670646861,
                    -0.40790607011754604,
                    -3.505442066997548
                ],
                [
                    0.0,
                    0.0,
                    0.0,
                    1.0
                ]
            ],
            "colmap_im_id": 61
        },
        {
            "file_path": "images/frame_00002.jpg",
            "transform_matrix": [
                [
                    0.9987316115400476,
                    -0.020167109348562026,
                    0.046135190593975854,
                    0.14801357493384112
                ],
                [
                    0.04671023923905441,
                    0.029039217545395974,
                    -0.9984862930429147,
                    -1.536881628458158
                ],
                [
                    0.018796852418680034,
                    0.9993748103413826,
                    0.029944395039406855,
                    -1.1663550604237058
                ],
                [
                    0.0,
                    0.0,
                    0.0,
                    1.0
                ]
            ],
            "colmap_im_id": 2
        },
        {
            "file_path": "images/frame_00062.jpg",
            "transform_matrix": [
                [
                    0.6928157696084386,
                    -0.0727266324083593,
                    0.717437904156455,
                    3.7177560515452295
                ],
                [
                    0.5703601709514889,
                    -0.5535055108829315,
                    -0.6068944923249953,
                    -0.39318322134952677
                ],
                [
                    0.44124322632087587,
                    0.8296640804330175,
                    -0.3419969720117123,
                    -3.1456507903405884
                ],
                [
                    0.0,
                    0.0,
                    0.0,
                    1.0
                ]
            ],
            "colmap_im_id": 62
        },
        {
            "file_path": "images/frame_00003.jpg",
            "transform_matrix": [
                [
                    0.9718353688268717,
                    -0.1284411717098451,
                    0.19758259363349895,
                    0.7744211098629762
                ],
                [
                    0.20114414355604598,
                    0.015245124983127158,
                    -0.9794430150230045,
                    -1.4161142772036817
                ],
                [
                    0.12278863713814495,
                    0.9915999453277775,
                    0.04065094114170099,
                    -1.1087021956801504
                ],
                [
                    0.0,
                    0.0,
                    0.0,
                    1.0
                ]
            ],
            "colmap_im_id": 3
        },
        {
            "file_path": "images/frame_00063.jpg",
            "transform_matrix": [
                [
                    0.5748100980626228,
                    -0.06821227381128155,
                    0.8154388001970061,
                    4.356011656762208
                ],
                [
                    0.6517561986473196,
                    -0.5643843382510542,
                    -0.5066400855259238,
                    0.030660737306347437
                ],
                [
                    0.49477995987108614,
                    0.8226891298895437,
                    -0.2799560445347659,
                    -2.8866022390911064
                ],
                [
                    0.0,
                    0.0,
                    0.0,
                    1.0
                ]
            ],
            "colmap_im_id": 63
        },
        {
            "file_path": "images/frame_00004.jpg",
            "transform_matrix": [
                [
                    0.9238446566739914,
                    -0.21660112149691735,
                    0.31558676224010485,
                    1.2604316775030011
                ],
                [
                    0.3223558414195141,
                    -0.004295872411572998,
                    -0.946608819409021,
                    -1.215003413737953
                ],
                [
                    0.20639225236823178,
                    0.9762507360542686,
                    0.0658539179993643,
                    -1.0007848543521418
                ],
                [
                    0.0,
                    0.0,
                    0.0,
                    1.0
                ]
            ],
            "colmap_im_id": 4
        },
        {
            "file_path": "images/frame_00064.jpg",
            "transform_matrix": [
                [
                    0.4113501142592257,
                    -0.0533757697702061,
                    0.9099132435020159,
                    5.0469948686640045
                ],
                [
                    0.7350565509538691,
                    -0.5708680960044182,
                    -0.3657888514759451,
                    0.8453032768863299
                ],
                [
                    0.5389647023680891,
                    0.8193049762852218,
                    -0.19559244728656827,
                    -2.3750312506687536
                ],
                [
                    0.0,
                    0.0,
                    0.0,
                    1.0
                ]
            ],
            "colmap_im_id": 64
        },
        {
            "file_path": "images/frame_00005.jpg",
            "transform_matrix": [
                [
                    0.8189650822246191,
                    -0.338391373113741,
                    0.4634516940297229,
                    1.7644113735808344
                ],
                [
                    0.47538943288742636,
                    -0.05226482995832587,
                    -0.8782216546227942,
                    -0.8997237269281475
                ],
                [
                    0.32140485558839044,
                    0.9395529075851046,
                    0.11806461219426267,
                    -0.8102068791639887
                ],
                [
                    0.0,
                    0.0,
                    0.0,
                    1.0
                ]
            ],
            "colmap_im_id": 5
        },
        {
            "file_path": "images/frame_00065.jpg",
            "transform_matrix": [
                [
                    0.3062855295553322,
                    -0.04488727133231429,
                    0.9508808060200549,
                    5.3617087474497325
                ],
                [
                    0.7638759570251105,
                    -0.5844777556523896,
                    -0.27364077807687415,
                    1.3689283493119009
                ],
                [
                    0.5680516672486591,
                    0.8101671963365863,
                    -0.14472877155608685,
                    -2.086348286969125
                ],
                [
                    0.0,
                    0.0,
                    0.0,
                    1.0
                ]
            ],
            "colmap_im_id": 65
        },
        {
            "file_path": "images/frame_00006.jpg",
            "transform_matrix": [
                [
                    0.6830213573416148,
                    -0.40205323480533345,
                    0.6097827660714803,
                    2.360682903158724
                ],
                [
                    0.6171626007343002,
                    -0.12881434428570626,
                    -0.7762198071172356,
                    -0.497013940905998
                ],
                [
                    0.3906304515396785,
                    0.9065098240442908,
                    0.16014927174700466,
                    -0.6045747915583285
                ],
                [
                    0.0,
                    0.0,
                    0.0,
                    1.0
                ]
            ],
            "colmap_im_id": 6
        },
        {
            "file_path": "images/frame_00066.jpg",
            "transform_matrix": [
                [
                    0.2849987137532034,
                    -0.1305327834923239,
                    0.9495982969618074,
                    5.196407146426723
                ],
                [
                    0.7834590071608536,
                    -0.5390423799541261,
                    -0.3092334016756925,
                    1.1161439027171673
                ],
                [
                    0.5522388226642059,
                    0.8321024606664359,
                    -0.051359299988552445,
                    -1.4800754020210274
                ],
                [
                    0.0,
                    0.0,
                    0.0,
                    1.0
                ]
            ],
            "colmap_im_id": 66
        },
        {
            "file_path": "images/frame_00007.jpg",
            "transform_matrix": [
                [
                    0.5177546380923272,
                    -0.4617085626276912,
                    0.720246720180075,
                    2.6948525415772933
                ],
                [
                    0.7275159157120966,
                    -0.205371612541977,
                    -0.6546320288127505,
                    -0.03562985739068587
                ],
                [
                    0.4501674434246366,
                    0.8629297213320327,
                    0.22956822280609146,
                    -0.3311553764884374
                ],
                [
                    0.0,
                    0.0,
                    0.0,
                    1.0
                ]
            ],
            "colmap_im_id": 7
        },
        {
            "file_path": "images/frame_00067.jpg",
            "transform_matrix": [
                [
                    0.2909047275118726,
                    -0.13421442120686464,
                    0.9472913641807096,
                    5.217920983597077
                ],
                [
                    0.7822754712871508,
                    -0.5366750942809325,
                    -0.3162671816692636,
                    0.8149982881884886
                ],
                [
                    0.5508352989176619,
                    0.8330464166651572,
                    -0.051128672461071105,
                    -1.0021064241696522
                ],
                [
                    0.0,
                    0.0,
                    0.0,
                    1.0
                ]
            ],
            "colmap_im_id": 67
        },
        {
            "file_path": "images/frame_00008.jpg",
            "transform_matrix": [
                [
                    0.38856840049297264,
                    -0.4963292793652618,
                    0.7763194217479631,
                    2.898897939470164
                ],
                [
                    0.7858673398371778,
                    -0.2613645203241359,
                    -0.5604472425598784,
                    0.38679845011596803
                ],
                [
                    0.4810687293054594,
                    0.8278561674351977,
                    0.28849097685011976,
                    -0.07431736219748677
                ],
                [
                    0.0,
                    0.0,
                    0.0,
                    1.0
                ]
            ],
            "colmap_im_id": 8
        },
        {
            "file_path": "images/frame_00068.jpg",
            "transform_matrix": [
                [
                    0.3055266781343395,
                    -0.3266052318113323,
                    0.894417392217784,
                    4.854707238157183
                ],
                [
                    0.7936459772810922,
                    -0.43164927462440106,
                    -0.42872481437603815,
                    0.7107131281305777
                ],
                [
                    0.5260983859448113,
                    0.8408376337139616,
                    0.12732855939093216,
                    -0.46170940741005545
                ],
                [
                    0.0,
                    0.0,
                    0.0,
                    1.0
